0 1.6 0.64 1.3 0.59 2.42 0.82 0.19
1 1.36 -1.31 -1.71 -0.09 -2.48 0.81 -1.73
2 0.91 -0.05 -2.84 1.76 1.37 1.54 -2.46
3 2.31 -1.33 1.22 2.1 2.59 0.81 -2.71
4 -1.3 -0.62 1.84 1.23 -0.69 -1.28 -0.64
5 1.84 -0.21 0.15 -1.48 -2.84 -1.9 -1.82
6 1.83 0.93 -1.15 -1.87 -0.71 -1.04 -2.97
7 0.68 -0.2 -2.7 -2.31 -1.25 0.58 -2.6
8 1.1 -0.14 2.8 1.83 -2.34 0.66 -2.93
9 -2.41 -1.1 0.08 2.3 0.74 -0.39 -0.92
10 1.31 -0.83 0.63 -1.71 2.42 -0.89 -1.57
11 0.32 -0.88 -2.43 -1.6 0.62 0.9 -0.78
12 0.28 -1.44 -2.29 1.32 2.4 -0.17 -1.57
13 -1.56 0.93 0.24 1.9 0.45 0.02 0.08
14 -1.78 0.41 2.03 1.06 1.96 1.16 0.23
15 1.47 0.67 -1.34 -0.73 1.58 -0.25 -1.25
16 2.05 -0.49 1.09 -2.2 -2.9 0.42 -0.61
17 1.01 -1.72 1.29 1.87 0.88 -1.18 0.23
18 0.8 1.29 1.92 1.81 -1.49 -1.18 0.33
19 2.19 -1.06 0.01 1.85 -3.06 -1.66 -0.13
20 0.76 0.89 -2.35 -1.39 -2.58 1.5 1.57
21 -1.97 0.17 -0.81 -1.68 -2.54 0.48 -2.58
22 1.37 -0.87 2.04 1.33 3.03 0.34 2.31
23 3.05 0.61 1.11 -0.34 -0.97 -0.57 -2.76
24 -2.26 0.29 -0.63 -1.12 2.06 -1.61 -2.88
25 0.29 0.67 -2.54 -1.95 -1.78 -0.46 -1.91
26 -2.18 -0.0 -0.11 -0.44 0.42 0.58 -1.88
27 -1.58 -0.57 1.53 -0.48 2.33 1.3 1.54
28 -0.53 -0.06 -2.44 -0.19 -2.62 -1.07 -0.14
29 -2.46 1.54 -0.39 1.49 -1.85 0.66 2.87
30 -3.07 -1.77 -1.18 0.14 -1.56 1.41 -1.75
31 1.96 -0.21 -0.27 -1.07 -2.02 -1.68 0.7
32 -0.57 -0.66 2.63 -1.91 -1.7 1.23 0.68
33 -1.25 -0.49 1.01 2.17 -2.65 -0.26 1.14
34 2.26 0.88 -2.57 -2.23 -0.42 0.98 -0.51
35 -2.03 -0.0 2.02 1.59 -0.33 -1.04 -0.21
36 1.15 0.08 -1.81 2.34 -1.52 1.26 1.09
37 -1.65 -0.78 -0.72 1.86 -2.54 -1.16 -1.12
38 2.39 -1.62 0.69 0.12 1.94 -1.21 -1.23
39 0.15 0.34 -0.11 0.11 0.54 0.21 -2.7
40 1.22 -0.25 1.47 -1.82 -1.55 0.95 -1.69
41 2.38 -0.75 0.01 -1.13 0.42 1.25 -0.61
42 -0.28 0.52 -0.71 -1.51 -1.82 -0.95 0.12
43 -2.52 0.71 -2.06 -1.98 2.43 1.52 2.31
44 1.54 -1.71 -2.45 -1.32 2.43 -1.06 1.38
45 0.35 0.9 1.23 -1.56 -1.81 -0.08 -1.13
46 1.47 1.1 1.07 -1.26 3.06 1.88 -2.62
47 0.69 1.57 1.98 -2.33 -2.62 1.3 1.49
48 2.9 1.48 1.86 -2.02 2.6 -1.45 -0.11
49 3.02 -0.99 0.33 1.74 -0.9 -0.21 -2.54
50 -2.16 -0.92 -0.61 0.94 -2.27 -0.89 1.77
51 1.21 -1.75 0.89 0.34 -1.3 -1.62 -2.6
52 -0.65 -0.83 0.13 -1.98 0.55 0.69 0.62
53 1.41 -0.79 -0.61 -0.82 -0.42 -0.01 2.33
54 -0.85 0.13 1.91 0.43 2.92 -1.58 2.83
55 -1.81 -0.27 -0.1 2.18 -0.67 -1.87 2.17
56 -1.55 0.0 -2.46 -1.27 -2.89 -1.29 -1.38
57 2.73 -1.9 0.13 -1.43 -2.58 1.37 -0.85
58 -1.14 -1.6 0.91 -1.13 -2.04 -1.31 1.71
59 1.23 -0.61 0.38 -1.41 -2.79 0.57 -0.02
60 2.95 -0.55 -1.74 0.78 -1.71 -1.85 2.63
61 0.37 0.01 -0.51 1.77 1.79 -1.72 -0.34
62 0.63 -1.18 -2.28 0.08 0.63 1.54 -0.28
63 1.36 0.34 -0.36 -2.23 -0.54 0.48 -2.18
64 1.63 1.32 -2.54 -1.18 -1.64 -1.23 2.28
65 -2.63 -0.59 1.16 0.15 -0.14 -0.64 1.23
66 1.36 -1.19 -2.92 -0.04 0.87 -1.89 -2.07
67 -2.47 0.29 -1.87 -0.95 -2.25 -1.39 -0.36
68 1.74 -1.77 1.81 1.03 -0.21 -0.05 -0.39
69 1.31 0.4 0.72 -0.34 -1.2 1.31 2.69
70 0.78 -0.63 2.93 1.76 -0.65 -0.7 0.91
71 -0.07 0.05 0.63 -1.1 -2.51 1.82 -2.3
72 2.13 0.45 -1.5 -1.6 1.35 1.83 0.39
73 -2.81 -0.01 0.22 1.47 -1.45 0.55 0.91
74 -0.02 1.24 -2.42 2.13 1.02 -1.82 0.02
75 1.09 -0.9 -0.58 -0.95 -0.49 -1.02 -1.84
76 -0.13 -0.19 -0.83 1.07 2.95 1.05 2.8
77 2.6 0.43 -1.89 -1.93 2.73 1.57 -1.15
78 2.52 1.35 2.77 0.19 2.71 -0.72 2.89
79 -0.54 0.13 -1.77 -1.16 1.67 1.37 -2.35
80 2.94 -0.44 -0.14 0.05 -0.55 0.26 0.21
81 1.16 -1.8 1.4 -1.76 0.55 -0.17 -1.64
82 -1.7 0.06 1.88 1.54 2.36 1.68 0.25
83 3.11 1.69 -1.24 0.38 -0.89 1.08 -2.95
84 -0.1 -0.43 0.31 0.94 0.68 -0.99 2.58
85 0.76 -1.88 2.93 0.29 -1.68 -0.26 2.63
86 2.12 -0.93 1.33 -0.86 1.73 -0.38 3.11
87 2.65 -0.42 -2.71 -1.39 0.86 -1.53 -2.31
88 1.99 0.46 0.82 -0.67 -0.77 1.26 -0.34
89 -2.67 -0.79 0.99 2.07 -0.18 -1.43 -0.43
90 -1.4 0.4 -1.82 1.92 -2.42 -0.12 -0.56
91 -2.35 -1.84 1.05 -0.28 1.36 1.25 1.95
92 1.16 -1.01 -2.4 1.81 0.01 -1.24 -1.03
93 -1.16 0.9 0.66 1.86 -0.86 1.23 2.91
94 2.11 0.21 2.79 -1.39 -0.85 -1.12 -2.36
95 2.35 -0.59 -0.96 1.13 2.76 0.95 -1.07
96 0.35 -0.75 0.04 -2.17 1.16 0.96 2.92
97 -2.68 -1.84 2.18 -0.48 -2.73 -0.05 -0.36
98 -2.9 -0.77 -1.76 -0.38 2.04 0.73 -1.74
99 -1.0 0.85 -1.19 -0.03 1.1 -0.78 1.73
100 -0.86 1.73 1.98 1.07 -1.13 1.44 -2.32
101 0.16 1.13 2.21 -0.85 -1.3 0.43 -2.71
102 1.46 1.25 -0.95 -1.98 0.61 0.58 3.08
103 -1.18 -0.62 -1.43 1.2 1.48 1.65 -1.7
104 -2.71 1.67 -1.72 2.14 1.21 -1.0 0.5
105 1.78 0.88 -2.51 -0.48 0.4 0.8 1.63
106 2.2 -0.4 0.1 -1.59 2.43 0.86 -3.01
107 2.02 0.27 -2.78 -1.04 0.9 1.03 0.46
108 2.36 -1.64 -2.75 1.96 1.34 0.34 -2.05
109 -3.06 -0.2 2.39 -0.45 1.65 -1.83 -1.01
110 -1.96 0.99 -1.89 -1.09 -2.95 -1.51 -2.44
111 -1.45 0.76 -1.15 1.76 -1.98 1.83 1.08
112 -3.05 -1.85 0.55 -0.29 2.8 -0.43 -2.22
113 -2.5 -0.18 -2.29 -1.37 1.6 0.4 2.04
114 1.13 -1.33 -1.85 0.49 -1.82 0.24 -1.41
115 2.9 1.02 0.24 -1.59 -2.8 -0.01 1.12
116 -2.37 0.18 1.26 -0.75 -0.97 -0.15 0.49
117 -1.69 -1.05 -2.29 1.9 -2.68 0.61 -1.5
118 1.17 1.35 1.67 -0.45 0.66 -1.46 -0.0
119 -1.06 1.7 -2.85 1.02 -1.63 1.15 1.42
120 2.94 -1.53 2.28 0.12 0.61 -0.89 0.61
121 -1.93 -1.61 -1.92 0.92 -2.37 1.1 -1.92
122 -1.25 1.19 -2.14 -0.74 -3.02 -0.23 2.06
123 2.37 0.87 2.42 -2.14 -3.13 0.07 -1.62
124 -0.05 0.26 -0.39 1.06 0.72 0.01 1.02
125 2.86 0.64 -2.11 1.44 -2.87 -1.65 1.66
126 2.71 -0.68 -1.09 -0.93 -1.73 -1.84 2.45
127 -2.39 0.89 -0.05 1.32 -2.7 1.34 -2.98
128 2.5 0.93 -1.23 0.13 1.32 -0.57 2.34
129 -2.99 0.6 1.3 0.09 -1.05 -0.29 -0.54
130 -1.59 0.02 -0.37 -1.29 -1.34 1.0 0.44
131 -1.75 -1.48 -0.15 -0.5 -2.99 0.75 -0.61
132 -0.18 -0.09 -0.67 -1.57 -2.37 -0.44 -2.11
133 2.64 1.02 -2.78 1.29 -1.64 -0.33 2.72
134 2.99 -0.17 2.42 -1.3 1.63 0.51 -0.85
135 -2.42 0.83 -2.59 -1.91 2.85 -0.1 -1.36
136 -2.52 -0.84 2.93 1.37 0.82 -1.43 2.02
137 -0.34 0.37 -1.34 2.32 0.73 0.17 0.87
138 -2.16 -0.79 1.31 -0.24 1.01 0.94 -2.81
139 -0.51 0.07 0.13 0.1 0.85 -0.98 0.18
140 -1.44 -0.0 -1.22 0.18 0.54 0.15 0.95
141 1.39 -1.31 2.84 -1.7 1.19 -1.09 1.87
142 1.44 -1.23 -1.82 2.0 -2.62 -1.81 -1.93
143 0.79 -1.24 -1.76 1.9 2.63 -1.88 1.59
144 -2.58 -0.08 0.66 -1.7 0.65 -1.89 -1.55
145 1.87 1.18 -1.86 -1.48 0.88 0.75 -1.75
146 -0.81 0.6 -0.74 -0.17 0.12 1.3 -2.6
147 1.36 -0.13 -2.03 1.17 2.78 1.78 -0.81
148 2.72 -1.67 0.1 0.78 1.74 1.35 -0.27
149 -2.94 -1.61 0.51 0.47 0.5 -1.05 2.46
150 1.32 -1.86 -0.04 -2.11 -0.93 -1.8 0.42
151 -0.38 -0.51 -0.78 2.05 -0.27 -0.84 0.63
152 0.27 -0.85 -0.27 2.1 1.01 -0.03 1.47
153 1.05 -0.6 -0.08 0.31 -0.36 0.95 2.02
154 -2.27 1.28 -1.4 0.31 2.84 -0.29 0.75
155 -2.82 1.8 2.53 -1.93 0.82 0.7 -2.27
156 0.22 -0.06 1.22 1.49 -2.53 -1.81 -1.82
157 1.47 -0.2 -2.89 -1.6 -0.2 -1.57 -2.05
158 2.89 -1.15 2.59 -1.25 2.35 -0.47 -2.06
159 -2.92 -0.94 1.49 -0.4 -1.56 0.42 -0.76
160 -2.46 -1.53 0.26 -0.46 1.68 0.4 -2.75
161 0.7 -0.71 0.55 2.13 -2.73 -1.13 3.04
162 -2.83 -1.89 -2.1 -0.32 -1.98 -1.37 3.09
163 -0.08 0.2 2.79 1.86 -2.77 -0.32 0.38
164 -0.23 0.45 0.19 2.07 -0.87 0.35 0.26
165 -0.02 0.64 2.73 1.13 -2.6 0.86 0.65
166 -1.6 -1.68 2.34 -1.11 -2.54 0.01 -2.68
167 -0.81 -0.29 -2.69 -2.11 0.97 -1.59 -1.88
168 0.34 -1.08 2.71 -2.01 -1.32 1.02 -0.23
169 0.27 1.54 1.42 0.28 -0.94 -0.28 -1.92
170 0.82 1.3 -0.14 -0.31 1.36 -0.84 -1.55
171 -0.1 0.53 0.42 -1.34 2.91 0.18 -0.17
172 0.11 -0.06 0.67 -1.07 -1.8 1.68 0.42
173 -1.13 0.83 -1.8 1.79 0.93 0.68 1.81
174 1.33 -0.8 1.77 2.27 -0.77 -1.83 2.0
175 0.39 -0.34 -1.7 -0.87 2.24 -0.99 1.26
176 0.16 -0.64 -0.66 -0.05 -2.31 0.64 0.94
177 0.54 -1.57 -0.67 -1.29 -2.77 1.62 2.01
178 -1.53 1.84 2.85 -0.81 -1.94 0.36 0.61
179 1.51 -1.36 -2.45 1.92 -1.91 -0.18 -2.35
180 0.52 -1.84 -0.25 1.02 0.9 -0.87 1.59
181 -0.18 -1.01 2.48 -0.71 -2.54 -1.16 1.77
182 -2.36 -0.24 0.55 -2.01 -1.86 0.63 -2.2
183 -1.18 0.65 -0.55 1.03 2.25 -1.55 -0.71
184 0.66 -1.27 1.85 -2.07 1.26 -0.18 -1.43
185 2.59 0.92 2.64 0.94 -2.15 -0.91 2.83
186 -2.72 -1.61 1.96 -1.94 1.0 1.36 2.62
187 -0.32 -0.62 -0.31 1.24 2.21 -1.55 2.26
188 1.77 0.0 0.49 0.06 2.54 -1.68 2.12
189 -1.12 0.38 2.79 0.74 -2.48 0.3 2.72
190 -0.21 0.59 2.83 1.09 -2.12 1.65 -2.76
191 1.1 0.95 -0.91 2.0 -0.59 0.48 -2.66
192 -0.98 -0.09 -1.08 -0.16 2.96 -0.05 2.25
193 1.79 -0.67 0.63 1.12 -2.28 -0.94 -0.83
194 1.71 0.07 0.56 1.48 -2.91 1.05 -0.61
195 -0.3 1.86 2.57 -2.24 3.05 0.52 -1.01
196 2.58 1.71 0.56 -0.08 0.31 1.1 0.54
197 -1.86 -0.76 -0.32 0.65 -0.67 1.25 1.35
198 3.11 -0.95 -0.46 1.68 -0.63 0.63 -2.23
199 2.89 1.2 -0.52 1.59 0.77 0.4 -2.21
200 -2.85 -1.69 -0.26 -1.22 -2.65 0.74 2.11
201 -0.14 -0.72 -1.32 1.75 -1.82 -0.35 -2.19
202 -0.14 1.78 -1.96 0.79 2.27 -1.47 0.06
203 1.39 0.79 -2.15 -0.09 2.34 -0.58 -0.08
204 2.93 -1.9 -1.29 -0.74 3.12 -1.87 -0.02
205 -2.97 -0.27 -0.27 0.43 1.93 1.11 -0.27
206 2.06 -1.26 1.59 1.91 3.04 0.93 1.84
207 -1.74 1.28 -1.72 -0.99 -0.24 0.45 -1.02
208 -0.66 0.55 0.97 -0.31 -1.85 1.69 2.24
209 -1.83 -1.02 -2.05 0.01 -0.88 -1.09 -2.05
210 0.03 -1.58 -2.73 -0.86 -2.95 0.46 2.77
211 2.47 1.77 0.79 2.09 -1.3 1.32 -1.97
212 -3.09 0.37 2.09 -0.48 2.72 -0.49 2.73
213 -2.9 1.57 -2.25 2.22 1.59 1.05 0.44
214 2.35 -0.32 -2.82 -0.95 1.84 -1.61 -0.57
215 -0.68 -1.69 -1.86 -2.13 -2.0 0.98 -1.41
216 2.74 0.07 1.96 1.59 -2.04 0.01 -0.25
217 2.64 -1.05 2.33 -0.22 2.76 0.01 3.0
218 2.5 -1.89 -1.05 -0.79 0.23 1.26 -0.14
219 2.82 -0.43 -2.31 1.14 -1.23 -1.61 1.63
220 -0.74 0.28 1.39 1.74 1.84 -1.15 1.72
221 -3.11 1.9 -0.14 1.68 -1.07 -0.12 -3.08
222 0.72 1.14 -0.54 0.48 2.54 1.62 -0.19
223 0.41 1.15 0.8 -1.27 -0.67 -1.34 -1.7
224 0.78 -0.69 2.33 -0.92 -1.66 -1.57 0.45
225 0.42 -0.23 -2.44 1.24 -3.05 -0.91 -1.52
226 -2.39 -1.66 -2.83 0.9 -1.31 -0.53 3.03
227 2.21 -1.09 0.22 -0.68 -1.62 1.39 2.59
228 -1.26 0.11 -1.52 1.7 -0.89 1.39 1.53
229 -2.37 0.4 -0.79 -0.86 1.63 1.24 -0.99
230 -2.92 -1.14 -0.44 -1.97 0.13 -1.47 -0.62
231 -2.05 -0.81 -0.29 -1.03 1.04 -1.0 3.1
232 -0.95 0.2 -0.58 1.3 0.68 1.82 0.86
233 -0.86 -1.42 -2.89 -0.41 0.09 1.37 -2.85
234 -3.08 1.52 0.26 0.6 -1.6 1.72 -1.42
235 0.05 -1.77 1.28 1.67 1.05 -0.5 2.21
236 2.22 -1.88 -0.34 -0.71 0.46 -1.72 -1.83
237 1.95 -0.46 2.29 0.32 -1.28 -1.78 -2.42
238 1.76 -1.1 2.41 -0.74 0.09 0.85 -0.43
239 -3.03 -1.46 -0.97 -1.71 0.03 -0.06 2.21
240 -1.13 -1.35 0.83 1.35 -2.88 -0.31 -2.2
241 2.78 1.45 0.76 -0.8 -2.43 0.56 2.83
242 -1.18 0.12 -1.44 -0.51 -2.69 1.26 -1.1
243 -1.57 -1.36 2.89 1.29 -2.05 -0.26 -0.45
244 2.14 -0.0 0.29 0.37 1.87 -1.78 -3.02
245 0.49 0.52 0.46 -2.27 3.06 -0.77 -1.67
246 2.67 -0.08 2.83 1.9 2.45 -0.81 -0.8
247 -2.52 0.29 -1.12 1.96 0.14 0.42 -2.76
248 -0.89 -1.7 0.14 0.14 -2.03 1.46 -2.9
249 1.26 1.57 0.72 1.84 2.45 0.29 -0.35
250 -2.17 0.62 -0.83 -1.58 -0.31 -0.18 1.62
251 -1.88 -0.06 -0.77 1.04 1.62 -0.99 0.26
252 -3.1 1.86 2.34 -1.71 -0.48 0.52 3.04
253 0.8 -1.05 -2.54 -2.05 1.53 -1.58 0.88
254 -2.34 -0.7 -0.01 0.97 0.9 -1.5 -0.78
255 -1.22 -0.36 2.36 1.74 -2.64 0.72 -2.76
256 -0.52 -1.16 0.48 -0.74 2.35 1.86 1.82
257 1.41 -1.7 -0.69 -1.62 -2.39 1.83 -1.96
258 -2.38 1.29 -0.03 1.7 1.86 -0.7 -2.98
259 -1.42 -1.48 1.05 1.29 -0.33 0.07 -2.14
260 2.55 -1.59 -2.83 0.24 1.37 -0.96 -2.76
261 2.79 -1.09 -1.64 -0.76 2.93 0.57 -0.44
262 -2.89 0.67 2.86 -1.84 0.93 1.26 0.68
263 2.73 1.83 -1.41 2.0 -1.13 -0.09 3.05
264 -1.29 -0.64 1.17 -2.01 2.64 0.92 -0.74
265 0.28 0.26 2.43 1.9 -2.95 -1.7 0.97
266 0.88 -0.96 -1.74 0.02 -2.24 -1.3 -0.32
267 -1.97 0.87 -2.6 0.17 2.54 0.71 -0.29
268 -1.29 1.81 0.93 -0.46 -0.61 -0.62 1.82
269 2.26 -0.52 -0.44 2.33 1.5 0.25 -0.81
270 2.96 0.18 1.67 1.14 3.01 -1.39 -0.09
271 1.38 0.03 -1.03 -1.85 2.37 -1.83 -1.27
272 -2.28 1.15 -1.15 0.67 -1.95 -0.9 -2.43
273 -3.05 -1.69 -0.99 1.69 3.07 -1.39 -1.55
274 2.63 -0.15 -0.81 -0.96 2.44 -0.38 0.13
275 -2.24 0.56 2.51 1.05 -2.4 -1.5 1.99
276 -1.23 0.38 -1.47 -2.07 2.2 1.49 1.59
277 -0.18 0.97 2.35 -1.34 0.43 -0.45 -3.06
278 -1.4 -1.68 0.13 -1.25 -2.7 0.6 -2.39
279 0.07 1.58 -0.21 0.62 -2.34 -0.69 2.75
280 -0.15 1.88 -1.51 -1.37 -2.02 1.64 -2.03
281 -1.53 -1.34 -0.76 0.41 -1.74 0.4 -0.83
282 1.15 -0.1 -2.88 -0.91 2.6 -0.87 3.06
283 -1.03 -0.31 -1.25 0.93 -1.83 1.36 -2.85
284 1.77 -1.19 1.37 -1.45 -0.36 -0.29 1.43
285 2.48 -1.61 -0.58 -0.17 1.47 1.46 1.35
286 -0.01 -0.03 2.53 1.01 0.71 1.33 -2.35
287 2.59 1.07 0.66 -1.48 -2.63 -1.73 1.82
288 2.85 -1.29 0.9 -1.21 2.88 0.21 -0.62
289 0.68 1.43 2.47 -0.59 -2.74 -1.54 -3.08
290 1.61 -1.7 -1.58 1.79 0.29 -0.3 0.45
291 1.93 0.69 -1.79 -2.19 -1.83 0.71 0.51
292 1.26 1.13 -1.44 1.78 -1.47 1.01 -2.98
293 -1.76 0.29 1.35 0.19 -1.96 -0.27 2.79
294 -2.88 -0.01 0.49 0.6 1.72 -0.73 -1.27
295 -1.3 1.58 -0.21 0.06 -1.88 0.82 1.95
296 -2.73 0.28 2.62 -2.02 1.63 -1.09 -2.08
297 -0.2 -1.42 2.51 -0.79 3.03 -0.4 1.17
298 -1.47 -0.04 -2.22 0.77 1.71 0.07 1.09
299 2.15 -1.29 0.47 -0.96 2.46 0.5 1.01
300 3.02 1.44 0.19 1.5 2.96 -1.28 0.36
301 -2.65 1.09 -0.93 1.64 -0.74 1.01 -0.35
302 -2.52 0.13 -2.22 -1.25 -3.12 0.22 1.08
303 0.3 0.55 -1.99 -1.29 -0.34 1.23 0.77
304 1.2 -0.89 0.63 0.41 -1.68 0.96 1.29
305 2.64 1.75 2.08 -0.78 0.5 1.24 -1.29
306 -2.41 1.2 0.12 -1.5 -1.05 0.03 -1.37
307 -3.08 -0.49 -0.66 -2.12 1.35 -1.01 0.81
308 1.4 0.03 -2.02 -0.65 1.71 -0.93 -2.46
309 1.09 -0.89 -2.32 -2.29 1.35 -0.39 -1.86
310 -1.54 -0.79 2.6 1.81 -2.52 -0.89 -1.9
311 -2.16 -1.5 -2.94 2.02 1.88 1.13 -0.51
312 -1.2 1.82 -0.8 -1.42 2.79 1.32 -0.13
313 -1.01 0.13 -1.24 1.98 -0.9 -1.59 0.37
314 0.68 -1.87 0.75 -2.09 1.3 1.43 2.98
315 2.1 0.16 -1.29 -2.04 2.11 -0.37 1.63
316 3.08 1.68 1.41 -2.33 -0.22 -0.8 0.16
317 2.08 -0.89 -2.5 0.07 -1.57 0.61 1.27
318 -0.47 -0.63 2.63 2.2 -1.94 0.19 -1.42
319 2.89 1.57 -0.9 -0.29 1.08 -0.55 0.18
320 1.91 -1.47 -2.45 0.91 0.49 0.88 1.96
321 1.44 -0.61 -1.19 0.45 0.05 1.16 2.42
322 1.36 -1.88 2.44 1.5 -1.82 1.47 -1.98
323 -2.98 -0.4 0.06 -1.51 -0.21 -1.36 3.06
324 -0.26 -0.39 1.43 0.68 -2.17 1.0 -2.73
325 0.28 1.88 2.35 -1.65 -2.48 0.07 0.06
326 2.38 -1.5 -1.81 -0.37 2.11 0.71 -1.24
327 1.98 1.14 0.25 0.8 2.94 -0.28 -2.04
328 1.41 -1.39 -2.17 -1.7 0.61 -0.94 -1.53
329 2.65 -1.44 -1.19 1.53 -2.89 0.99 3.09
330 2.92 0.11 2.14 0.54 -2.37 0.67 0.32
331 -1.82 0.88 -0.93 2.36 -2.15 1.23 -1.81
332 -0.74 0.46 -1.96 0.28 2.86 -1.37 1.16
333 0.1 -0.02 -0.26 0.23 1.32 0.41 0.79
334 1.2 0.58 1.62 -1.23 1.36 -1.15 0.77
335 1.95 -1.42 -0.97 0.82 2.16 -1.02 -0.69
336 -1.11 -1.66 0.05 -0.54 -1.54 1.45 -2.42
337 -2.57 -1.26 2.66 1.44 -3.03 0.83 -2.39
338 -1.98 -1.78 -2.78 2.12 1.63 0.89 2.59
339 0.94 -1.56 -1.51 -1.89 -0.48 1.69 -0.76
340 -2.19 1.03 2.17 1.59 -1.42 -0.36 -2.35
341 -2.61 1.26 1.54 0.71 1.5 0.44 2.11
342 1.06 -0.69 2.27 1.1 0.39 0.62 2.01
343 -0.48 -0.92 -2.72 2.34 2.09 -0.37 0.82
344 -2.13 0.62 1.3 1.31 -3.01 1.48 0.91
345 -1.42 -0.69 -0.57 -1.37 2.68 0.53 -2.11
346 0.14 -1.58 2.28 0.31 -0.18 -1.57 -2.32
347 2.01 -1.25 -1.85 -1.52 2.12 0.8 -0.81
348 -2.34 1.22 -2.54 -1.53 1.03 -0.73 1.58
349 1.08 -1.26 2.51 -1.83 1.91 -0.61 -1.51
350 0.44 -1.56 1.63 1.26 1.56 0.35 -2.03
351 -1.5 -1.26 -1.81 -1.86 -2.55 -0.64 1.75
352 0.29 -0.13 2.28 -1.35 1.25 1.74 0.68
353 -1.09 -0.6 1.37 1.08 0.59 -0.47 -0.77
354 -2.07 1.87 0.02 -0.34 1.13 0.62 -2.86
355 3.03 0.44 1.13 1.82 1.88 0.29 -1.37
356 2.62 -0.29 1.55 0.74 -2.08 1.88 -2.04
357 -2.91 -0.47 0.64 -0.91 2.17 -1.62 -1.01
358 0.79 -0.72 -1.34 -1.89 0.04 -0.1 -2.34
359 1.85 0.88 -0.92 0.21 1.88 -1.64 -1.57
360 -1.5 -1.19 -1.25 -1.99 2.94 1.17 2.81
361 -0.19 0.94 -0.77 -1.56 0.84 1.12 -1.43
362 0.13 -1.88 -2.33 1.61 -1.87 1.28 2.63
363 0.81 0.02 -1.85 -2.06 -0.11 -0.18 -2.91
364 -1.5 0.92 1.76 0.5 2.89 0.79 0.98
365 2.83 0.79 1.02 0.48 -1.11 1.56 2.73
366 0.61 -0.36 -2.88 0.74 -0.47 1.07 0.63
367 -1.88 1.03 0.35 0.82 -2.11 1.62 -0.62
368 -0.46 1.64 -2.05 -1.55 1.01 -0.65 -1.22
369 3.05 1.6 -0.63 -1.29 -1.69 -1.87 0.33
370 2.03 0.28 -1.08 0.26 1.13 -1.87 -1.21
371 0.74 -0.92 -1.25 0.75 -1.77 -0.42 -2.28
372 0.44 -0.26 -2.87 0.34 -1.84 -0.57 2.44
373 0.93 0.35 -1.02 -1.29 -1.61 -1.62 0.8
374 -2.72 0.98 -0.66 1.79 -2.64 1.77 -0.7
375 -0.73 1.16 1.29 -2.13 -2.41 -0.57 2.7
376 2.85 0.58 -1.81 0.04 1.92 0.03 0.34
377 1.86 -1.4 0.04 1.04 0.03 -1.52 -1.61
378 -2.16 -0.91 -0.64 -2.05 1.46 -1.43 0.87
379 -0.45 0.94 -0.32 1.0 -2.47 0.94 2.04
380 0.07 -0.89 2.9 0.94 2.72 -1.77 1.79
381 -1.24 1.57 -1.18 0.55 -0.58 -1.78 -0.12
382 -0.64 -0.77 1.46 -1.03 1.04 0.18 -0.46
383 -1.8 0.23 -2.55 -1.82 3.0 0.67 -0.49
384 1.49 -1.74 2.2 0.66 -2.61 -0.89 -0.93
385 -1.15 0.46 1.32 1.48 -3.04 0.36 -2.16
386 0.14 1.55 -0.94 -1.78 2.62 -1.71 -2.64
387 -2.76 0.74 2.79 0.92 1.48 -1.34 1.1
388 3.06 -0.79 2.13 -1.45 2.27 0.95 -2.54
389 0.38 -0.45 0.28 -0.15 1.52 -0.34 -2.41
390 1.46 0.94 -2.53 -1.51 -2.63 0.91 2.5
391 -2.98 1.36 1.12 1.3 -1.2 -1.14 -1.42
392 2.49 0.76 -1.65 1.07 -2.31 -1.44 2.87
393 1.02 -1.06 -1.99 0.33 1.49 -0.38 -0.34
394 1.89 -0.13 -2.4 -2.07 -1.87 0.36 1.5
395 -0.56 -0.04 0.21 -1.24 0.95 0.3 3.03
396 -0.08 -1.54 -0.34 0.91 2.86 -1.19 2.13
397 -0.74 -0.49 0.81 -1.06 -2.74 -0.39 -0.66
398 -0.6 1.13 -2.58 1.81 2.07 0.96 -0.56
399 1.79 -0.59 -2.49 -0.37 -1.99 -1.38 -2.33
400 3.13 0.95 0.48 -2.03 -1.66 1.79 2.4
401 2.02 1.32 2.57 -2.02 3.04 1.4 -0.64
402 2.86 0.82 1.99 -1.38 -0.18 0.84 -3.13
403 1.59 -0.18 1.12 0.71 2.75 0.99 3.08
404 -0.44 -1.56 -2.13 -0.64 -1.64 -1.19 1.22
405 -2.97 -1.07 -0.44 0.89 -0.85 0.99 -3.11
406 -0.23 -0.51 -0.89 -1.42 1.83 -0.13 0.31
407 -0.57 -0.76 1.63 1.68 -3.05 -1.36 -0.92
408 1.47 1.41 -0.68 -2.34 1.14 0.2 1.71
409 0.67 -1.1 2.0 2.11 2.73 0.49 -1.99
410 -1.03 -1.52 1.9 -0.37 0.1 0.71 -1.28
411 -1.03 -1.58 1.22 -2.18 -1.09 0.97 -2.27
412 -0.67 -0.25 2.71 -1.66 1.39 -1.62 1.33
413 -1.01 0.12 -2.79 0.41 1.18 -0.85 -0.02
414 -0.67 1.1 2.0 0.23 -0.48 -0.38 -2.57
415 2.33 1.57 -0.43 0.19 0.63 -0.0 2.55
416 0.71 -1.8 -0.69 0.07 -0.36 -0.79 -2.13
417 1.95 -1.09 1.27 1.17 -0.65 -0.82 -0.78
418 3.07 -0.9 -1.21 0.91 -1.12 -0.2 -2.29
419 0.47 0.25 0.35 1.95 -1.25 0.88 0.69
420 -2.18 -1.09 2.32 0.48 -1.04 -1.58 -2.73
421 2.13 -1.41 -2.02 2.06 -2.58 1.18 -2.66
422 -2.18 0.43 -2.56 0.85 1.78 -0.54 1.36
423 -3.05 -0.16 -1.43 -1.19 -0.49 -0.82 -2.2
424 0.1 -0.46 -2.65 -2.13 1.28 1.35 -1.24
425 1.1 -0.1 1.66 1.7 -1.24 -0.6 -1.93
426 -1.38 1.38 2.45 1.1 0.62 1.2 -2.34
427 1.35 -0.25 2.94 -1.32 2.08 0.56 0.91
428 -2.93 0.9 2.4 0.69 0.59 1.8 -2.38
429 2.4 1.1 1.5 1.75 -1.39 1.77 2.65
430 0.27 -0.33 2.4 1.07 1.92 -1.35 -2.51
431 2.92 -0.91 1.18 -0.49 1.03 1.13 -2.85
432 -2.8 -0.01 -2.22 -0.27 1.99 1.67 0.68
433 -0.86 -1.02 0.86 -1.3 -1.53 -0.48 -0.4
434 0.5 1.43 -1.0 -1.79 -2.76 0.3 -2.99
435 2.72 0.33 2.25 1.62 1.82 -0.77 -2.51
436 1.35 -0.1 -0.44 2.08 2.72 1.71 1.68
437 -0.79 1.42 -2.28 0.92 -2.46 1.64 2.34
438 0.13 0.43 -0.27 -1.87 2.63 -0.44 -2.88
439 -2.85 -0.42 -0.58 -2.12 2.81 -0.83 -2.91
440 0.81 0.49 -0.74 2.02 0.96 0.77 0.96
441 2.4 -1.48 2.53 -1.4 2.28 0.26 1.16
442 -0.91 0.25 1.75 1.51 1.96 1.21 3.08
443 -3.01 0.97 -2.4 0.82 -1.56 -0.53 -2.39
444 1.48 1.82 -2.89 -1.02 2.4 0.88 1.58
445 -0.6 0.12 0.18 -1.31 -2.71 -0.6 -2.62
446 2.06 -0.6 1.36 2.14 2.93 0.84 2.69
447 2.55 -0.66 2.92 2.25 -1.53 -0.79 1.48
448 0.16 1.44 -2.49 1.47 0.99 -0.35 1.73
449 0.71 0.61 1.74 2.09 0.2 1.08 2.52
450 2.24 -0.37 -1.38 2.16 2.68 0.22 2.64
451 -0.25 0.28 0.19 -0.35 0.84 0.77 0.88
452 -2.65 1.47 1.74 1.5 -0.32 0.25 0.48
453 -1.2 1.71 -2.74 1.53 2.16 0.28 2.02
454 -2.15 -0.27 1.63 2.02 1.78 1.59 0.45
455 2.77 0.7 1.98 -0.24 2.88 -1.57 2.74
456 0.21 1.68 -0.38 -1.03 3.04 0.43 1.18
457 -2.16 1.82 2.65 0.1 -2.81 1.6 -1.78
458 -1.76 1.48 1.22 -2.24 -3.1 -0.5 2.36
459 -0.08 1.2 1.59 1.42 -1.2 -0.82 -2.87
460 -2.42 -0.47 0.7 -2.09 2.98 -1.78 -1.23
461 2.86 -0.23 0.85 -2.1 -2.38 -0.04 -2.59
462 -0.66 0.18 -2.65 1.47 -1.08 -0.5 1.58
463 2.22 1.01 2.16 0.82 -1.16 -0.96 1.08
464 0.76 -1.25 -1.38 -0.31 2.09 0.22 2.21
465 -1.08 -1.18 -0.91 -2.02 2.41 1.8 2.21
466 -0.2 -1.86 -2.13 0.17 2.3 1.61 -0.95
467 0.54 0.82 -1.84 0.59 0.54 -1.52 -2.0
468 -0.02 -0.61 1.3 0.33 1.66 -0.79 0.36
469 2.2 -0.81 -1.57 -0.39 0.98 -1.08 -1.26
470 2.76 0.46 2.27 1.35 -0.98 1.69 -0.87
471 -2.61 0.97 -2.08 -1.33 -0.6 0.61 -0.95
472 -2.73 -1.38 -0.83 -1.94 2.82 1.83 -1.2
473 -1.92 0.35 -2.9 -0.15 -2.25 -0.52 1.65
474 -0.97 -0.37 -2.26 2.24 -2.87 1.52 1.94
475 1.76 -1.81 2.68 -0.94 2.3 -1.19 -0.79
476 -0.44 -1.64 2.73 -0.17 2.84 -1.55 -0.53
477 1.48 -0.31 -2.12 1.32 -0.2 0.16 3.08
478 2.83 -1.18 1.55 -1.26 2.83 1.54 -0.5
479 2.23 -0.7 0.01 0.04 -2.39 -1.44 -2.18
480 -1.62 1.8 0.28 -0.99 -2.43 0.54 2.92
481 -2.27 1.83 1.1 -2.06 2.4 0.21 1.27
482 -2.82 1.17 -2.03 0.64 2.08 -1.11 -1.55
483 -2.66 0.65 -1.43 -1.65 -2.84 -1.27 1.46
484 -2.34 0.92 1.94 0.29 -0.26 -1.15 -0.53
485 -1.14 -0.28 -1.19 -0.83 2.07 1.0 -0.33
486 1.65 -0.1 2.35 -1.31 1.09 1.81 1.37
487 0.75 1.56 2.02 -1.26 0.46 -0.16 -1.69
488 1.87 0.06 2.29 -1.46 0.9 -0.88 -0.55
489 -2.68 0.19 -2.61 0.64 2.14 -1.81 0.0
490 -1.52 1.23 -2.55 -0.35 0.71 0.22 0.82
491 -2.13 -1.46 -0.75 -0.57 -1.71 -0.1 1.4
492 -1.62 -0.53 -0.52 -2.24 -1.13 -1.04 -2.98
493 0.84 1.89 1.08 1.97 -1.58 0.24 -2.62
494 2.83 0.48 -1.17 0.1 -2.62 -0.0 1.65
495 0.56 -0.25 -1.13 -0.2 2.72 -0.95 -0.81
496 -2.49 1.43 0.3 -0.13 2.33 -1.05 -1.56
497 -2.97 -1.44 1.53 -0.48 -1.14 -1.77 2.33
498 0.78 1.39 -0.06 0.67 0.31 -0.97 -1.43
499 1.49 -1.25 -1.89 -0.43 -2.37 0.1 -1.88
500 0.02 1.56 -2.42 -1.3 -1.82 0.44 3.02
501 1.3 -1.7 2.1 -1.18 -0.01 0.81 2.43
502 -2.38 0.23 0.05 -1.08 -1.98 0.48 -1.54
503 -1.59 -1.28 -2.77 0.64 -0.44 -0.07 1.97
504 2.65 -1.62 1.3 1.55 2.23 -0.99 1.94
505 0.52 -0.08 -0.6 1.07 -0.74 -1.1 -1.6
506 1.38 1.56 1.61 -2.32 -2.11 -1.67 -1.07
507 -2.66 1.38 2.68 -1.57 -2.24 -1.37 1.22
508 0.79 -1.71 -0.03 1.54 -1.64 0.06 -2.43
509 -0.5 -1.77 1.78 0.02 0.12 0.64 0.73
510 -0.89 -0.52 -2.29 -0.32 -1.81 -0.04 0.45
511 1.22 1.68 -1.63 -2.34 -0.34 0.9 -2.94
512 -2.86 -0.02 -0.14 -1.54 -0.0 1.45 2.78
513 -0.77 -1.42 2.95 0.68 -1.2 -0.81 1.13
514 2.72 0.33 0.91 1.38 2.16 0.77 2.28
515 0.14 -0.34 -2.06 1.52 0.96 1.57 -1.93
516 2.76 -1.25 -2.49 0.22 2.07 0.99 0.69
517 0.18 -0.65 2.85 -1.42 1.72 1.6 2.19
518 0.77 -1.64 -0.85 0.89 1.87 -1.79 -0.24
519 -0.84 -1.1 -2.47 -0.98 1.39 1.85 0.58
520 -1.14 -1.34 1.2 -2.26 1.24 -1.49 -1.85
521 -2.19 -1.51 0.65 -1.79 2.33 0.62 2.95
522 -0.85 1.09 -2.65 0.99 0.75 -0.77 -2.07
523 2.65 0.23 1.59 -2.21 -1.78 1.1 -1.32
524 -1.1 -0.99 -0.95 -0.73 1.4 0.21 -2.1
525 -1.66 -0.53 0.93 1.6 -1.57 -1.54 2.65
526 0.87 0.96 1.98 -1.39 2.38 -0.04 -2.92
527 -1.28 1.5 -1.6 -0.02 1.99 1.57 2.64
528 0.61 -1.88 2.61 -1.39 1.23 0.01 2.73
529 -2.71 -0.55 -1.48 -1.65 3.01 1.77 -2.11
530 -2.74 -0.07 2.85 -2.27 -1.09 1.01 1.68
531 -0.72 0.93 -0.52 2.26 1.21 1.9 2.01
532 -0.65 -0.47 -0.09 1.08 -3.04 0.97 0.01
533 1.49 -0.45 1.13 -1.56 -0.46 -0.57 0.96
534 -0.99 0.98 1.75 -1.03 1.1 0.71 -1.1
535 -0.99 -0.03 2.28 0.21 1.92 -1.26 1.33
536 -2.1 0.35 0.75 0.63 -0.56 0.89 1.41
537 -2.79 0.48 -1.66 1.33 -2.4 -1.25 2.52
538 1.58 0.68 1.57 -1.66 -0.49 -1.68 1.44
539 0.23 0.39 2.63 1.85 -0.02 0.25 -1.77
540 -2.02 -1.23 1.5 -2.12 0.09 -0.9 -1.53
541 1.47 -1.75 1.7 1.05 0.6 -1.85 -1.81
542 -0.32 0.05 -0.39 2.27 2.52 -0.54 -0.84
543 2.01 0.29 1.94 0.14 -2.64 -0.17 2.13
544 -3.1 0.54 0.72 -1.7 -0.2 0.94 2.06
545 -0.94 1.56 1.81 1.83 -0.54 0.94 0.47
546 -0.31 0.77 -2.04 -2.02 0.85 -0.8 1.53
547 1.06 0.27 -2.62 0.42 1.26 -0.07 2.56
548 -2.65 1.5 2.8 0.56 0.83 0.29 1.99
549 -2.37 -1.13 -1.27 2.21 -2.5 -0.9 -2.67
550 -1.63 -1.34 -1.2 -0.03 -1.98 -0.03 0.29
551 1.79 -1.85 1.78 -1.27 1.14 -1.73 -1.96
552 2.26 -1.18 1.17 0.86 -0.81 1.59 -0.39
553 -0.3 -1.62 -2.41 1.33 -2.27 -0.69 -1.53
554 -1.84 -1.33 -2.82 0.47 -0.47 -0.95 -1.39
555 -0.8 1.38 0.21 -1.22 0.58 -0.46 3.04
556 -2.4 0.51 0.32 -1.86 -2.57 -1.78 1.75
557 -1.27 0.19 -1.75 1.73 0.19 -0.16 2.3
558 -1.32 0.2 -2.39 1.58 -1.09 0.65 -0.36
559 -1.17 -1.12 -1.68 1.82 0.57 1.44 -1.37
560 -2.84 -0.17 -2.61 1.76 -1.13 0.5 -1.44
561 -1.59 0.33 0.21 -0.63 2.14 0.93 0.27
562 -0.61 -0.01 -1.03 0.46 -1.57 -0.86 1.4
563 0.47 -0.49 2.41 -1.24 2.62 -0.83 -0.21
564 -1.74 1.41 2.49 -0.22 0.52 -0.02 -1.51
565 -2.33 -0.79 0.45 -2.15 2.18 1.22 0.04
566 -3.08 1.85 -0.87 -1.55 -2.62 -1.01 -2.28
567 -0.38 -0.06 0.67 -1.96 -2.7 -1.85 0.74
568 1.95 1.23 -2.57 -1.19 -0.99 0.05 -2.0
569 0.4 0.19 0.09 0.76 1.89 1.86 1.11
570 -1.44 0.52 1.18 -2.16 -3.05 1.47 2.45
571 0.95 1.28 1.09 1.68 1.74 -1.18 -2.2
572 -2.75 -0.08 2.18 2.2 -0.27 1.57 -2.99
573 -1.42 1.42 2.41 1.93 0.36 -1.5 -0.62
574 -0.39 -1.24 0.38 0.74 -2.52 -0.89 -2.63
575 -2.68 -0.77 -0.76 2.06 0.03 -1.01 -0.71
576 -0.82 -0.7 1.13 1.12 2.52 -0.17 -1.85
577 -1.25 -0.85 -2.42 2.33 2.22 0.28 2.74
578 0.98 -0.46 -0.44 1.66 -1.27 -0.98 -0.03
579 -0.21 0.92 0.41 -1.29 -2.96 -1.53 -1.57
580 1.05 0.56 -1.44 -1.27 1.34 -1.16 0.74
581 -1.18 0.31 1.01 -1.18 0.83 1.04 -0.37
582 1.47 -0.21 1.73 -0.41 2.19 -1.34 -0.12
583 -1.84 -0.99 2.29 1.51 -0.65 1.39 2.27
584 1.26 1.07 -0.62 1.46 0.57 0.69 -2.55
585 -2.91 0.59 -1.96 1.56 -2.22 -0.8 -0.11
586 0.92 -0.26 -0.43 0.07 -1.19 1.78 2.91
587 0.64 -0.2 -2.05 0.09 2.79 -0.62 2.71
588 -1.55 1.53 -0.18 1.65 -0.82 -0.72 -2.26
589 0.2 0.77 -2.5 -0.38 2.25 -1.73 1.0
590 1.08 0.59 0.74 -0.13 -1.72 -0.26 1.4
591 2.32 -0.28 2.54 -0.34 -3.04 1.27 2.65
592 -3.03 1.2 -1.72 2.26 -2.15 -1.16 -0.88
593 0.88 -1.81 -2.85 -0.48 1.22 -0.13 -1.17
594 3.04 0.33 -0.59 0.66 -0.44 0.17 -1.46
595 2.11 0.99 -0.61 -0.38 -2.52 0.8 -2.25
596 -1.12 -1.48 -0.6 -1.33 -0.11 -0.79 -2.64
597 -0.2 -1.38 1.31 -1.27 1.02 1.81 -0.28
598 3.12 0.13 2.32 2.16 -2.91 -0.86 1.1
599 -1.01 -0.75 2.43 2.01 1.35 -0.87 -0.27
600 2.14 0.74 0.96 1.1 1.28 0.26 -0.71
601 2.1 -1.49 -2.12 -0.21 -0.75 -0.09 0.25
602 -0.97 1.75 0.56 -0.35 2.19 1.7 1.0
603 -2.69 -1.26 -1.23 2.25 -0.56 0.27 -1.53
604 -1.65 0.77 -0.38 1.93 -0.23 -1.37 3.1
605 -2.36 0.32 -2.1 1.75 0.88 1.46 -0.48
606 1.67 1.07 -0.25 -0.55 -3.1 -1.37 -3.02
607 1.71 0.97 0.9 0.84 -1.55 -1.05 0.23
608 -3.1 -0.07 -2.7 -1.3 -2.76 -0.33 1.51
609 -2.03 1.8 -1.96 -0.3 -0.51 0.08 2.87
610 -0.63 -1.6 -1.46 -0.77 -1.69 1.88 1.69
611 -0.67 0.58 2.81 -0.2 2.08 0.65 1.59
612 -3.01 -0.12 -0.3 -1.26 0.9 -0.81 -1.59
613 0.82 -0.54 1.19 -1.72 1.54 -1.69 0.56
614 -2.74 1.58 -2.67 -1.75 2.63 1.57 1.93
615 -2.43 -0.53 0.72 1.14 -2.22 -1.37 0.3
616 0.33 -0.71 0.34 -1.55 0.38 -0.03 -2.85
617 1.72 -0.08 -0.83 -2.19 -0.59 1.31 1.58
618 -0.95 1.31 2.45 0.68 1.51 -0.79 -2.32
619 1.74 1.35 0.97 -2.0 1.02 0.74 -0.76
620 0.59 -0.49 0.37 -0.93 -0.33 1.57 -0.66
621 -0.89 -1.0 -0.79 -1.93 -0.7 -0.54 0.08
622 -0.05 1.86 -2.33 -1.99 1.25 -1.32 -0.47
623 -0.65 -0.39 -0.66 0.11 -2.01 0.97 1.8
624 1.91 0.88 0.43 -0.79 -1.64 -1.28 -1.03
625 -2.44 -1.06 -2.05 1.03 1.62 0.3 1.47
626 2.48 0.75 -2.12 -0.67 -2.71 -1.72 -2.25
627 0.78 1.43 1.13 2.36 1.53 0.81 -2.04
628 -2.89 1.49 2.53 -1.04 -2.79 -1.05 0.87
629 0.29 -1.2 -1.37 1.31 0.9 1.85 -2.56
630 0.4 0.56 2.18 -0.33 -2.94 0.92 -1.28
631 -0.96 1.28 0.94 1.7 0.44 -0.45 2.19
632 2.67 1.7 1.69 -0.21 1.92 1.64 -3.07
633 -0.13 -0.34 2.1 2.0 2.56 -0.53 -3.0
634 -2.6 -0.69 -2.88 1.66 2.63 -1.24 1.9
635 0.9 -0.66 1.19 -1.12 -2.41 1.23 -1.08
636 -0.24 1.58 -2.22 0.23 0.99 1.19 2.91
637 -0.61 -1.2 -1.51 -0.44 -1.58 -0.38 -1.46
638 2.39 1.48 -2.85 -0.12 2.52 1.06 -1.32
639 1.33 -0.47 0.15 2.01 -3.1 1.85 2.22
640 -2.37 -0.19 2.14 -1.53 -0.02 -0.71 -1.55
641 2.89 -0.67 0.8 -1.06 1.8 0.04 1.08
642 -0.7 1.22 2.91 2.19 0.92 -0.41 -0.73
643 3.01 1.59 -1.24 -0.13 -3.03 0.76 2.47
644 -2.46 0.0 -0.88 -0.05 2.22 1.8 -2.23
645 -2.41 1.79 -2.31 -1.76 -1.78 -0.56 -2.05
646 -0.87 -1.82 2.11 0.93 0.3 -1.4 3.09
647 -1.62 -0.78 0.7 -2.05 -0.29 -1.52 2.38
648 1.83 0.78 -1.48 -0.55 -1.57 0.1 -2.68
649 2.69 0.58 1.49 0.13 0.62 1.06 -1.69
650 -2.22 -0.37 -1.33 1.48 -1.89 1.78 2.88
651 -1.64 1.08 -2.68 0.92 2.89 -1.87 -0.25
652 0.67 0.95 2.74 -0.11 3.09 -1.49 0.9
653 -2.67 0.99 2.18 0.02 -0.76 1.46 -1.92
654 -0.69 -0.24 -0.93 -0.76 -0.77 1.83 -1.39
655 2.28 1.57 -2.69 -1.78 -2.82 -0.73 2.09
656 -0.86 1.78 2.91 -1.05 -2.98 -1.52 2.24
657 2.93 -0.97 -1.4 -0.28 0.75 1.23 1.69
658 -1.19 -0.07 -1.15 -1.65 -2.15 -0.03 1.02
659 -0.92 1.7 1.56 2.2 1.38 -0.86 0.98
660 -1.46 0.02 -1.33 -1.96 0.03 0.42 1.51
661 1.79 -1.5 2.4 1.42 -3.02 1.54 -2.48
662 -0.42 -0.64 -2.19 0.76 0.0 -1.85 2.3
663 1.72 -0.36 -1.86 -1.59 -2.35 -0.97 0.15
664 0.36 -0.12 1.2 -2.03 0.52 -1.48 2.16
665 -1.94 -0.25 -0.33 0.28 0.02 1.56 1.96
666 1.49 1.7 2.53 -1.59 0.08 -1.49 -0.64
667 3.04 1.87 2.09 -1.2 -2.51 0.36 1.9
668 -0.87 0.77 -0.49 0.84 -0.96 0.08 0.5
669 0.18 1.04 -1.47 -0.5 -1.78 -1.69 2.61
670 -0.65 -1.07 -1.47 1.11 -1.0 -1.02 2.71
671 -0.7 -1.54 -0.95 -1.12 1.91 0.1 -0.34
672 2.41 -0.01 -1.99 1.28 2.43 0.22 2.58
673 -2.34 0.06 1.61 1.54 -2.61 -1.45 -0.84
674 2.77 0.71 2.95 -0.83 0.38 1.51 -1.93
675 0.82 1.84 0.72 0.1 0.2 0.86 -2.11
676 0.83 0.79 -1.05 0.61 -0.75 0.04 1.42
677 0.3 0.88 0.73 0.71 2.13 0.42 -2.63
678 2.38 -1.46 1.93 -1.68 2.29 -0.29 -2.66
679 -2.53 -0.77 -2.22 0.04 2.84 0.44 1.49
680 1.51 0.12 1.24 -0.46 0.08 -0.37 -3.1
681 2.05 0.69 -2.08 -1.5 -0.25 0.7 -2.72
682 -1.06 1.38 0.95 -0.47 2.13 1.35 0.69
683 1.83 -0.99 2.3 -2.28 0.69 0.62 1.82
684 -2.97 -0.07 0.54 -1.93 -2.85 -0.99 -0.7
685 0.72 -1.57 1.88 0.21 -2.73 -1.5 -1.89
686 -2.41 0.69 1.95 -1.3 -2.84 1.41 -2.71
687 0.99 0.57 1.56 -1.41 -0.98 1.53 1.65
688 -1.9 0.59 0.2 -1.42 -2.77 1.58 -0.11
689 0.58 -1.87 -0.95 1.8 0.83 1.44 0.36
690 -0.41 -0.98 -1.96 1.65 -1.62 -0.12 -1.05
691 1.42 -0.12 -0.32 0.31 -0.04 1.66 2.04
692 2.43 0.0 -2.38 0.4 -1.36 0.3 2.43
693 -0.12 -0.14 2.2 -2.18 2.55 -0.51 1.6
694 0.85 -1.59 -2.1 1.81 -2.24 0.24 2.65
695 1.87 0.83 1.36 2.26 -3.08 1.29 0.75
696 -0.06 0.5 -1.11 -0.27 -1.61 1.19 1.8
697 -3.0 -1.1 -1.64 -2.02 -0.99 -0.03 -2.32
698 -2.02 -0.25 -2.05 2.16 2.54 1.69 2.73
699 1.32 0.65 -2.87 -1.52 -0.91 0.0 -2.98
700 2.35 -1.24 -1.38 -0.51 2.64 -0.98 -0.4
701 1.79 1.11 1.35 1.23 1.92 0.4 -3.01
702 1.57 -0.1 -1.1 -0.83 2.91 -0.47 -2.77
703 2.71 0.24 -1.74 -0.14 0.71 1.89 -1.17
704 -1.06 0.46 2.31 1.27 -0.35 -0.17 1.26
705 1.28 -1.54 -1.85 1.96 1.02 -0.82 -2.91
706 0.21 0.77 -1.23 -2.3 1.79 0.66 -0.81
707 -3.01 0.71 -2.75 0.62 2.45 -0.79 3.09
708 1.24 -1.57 0.21 1.55 -0.9 1.17 0.33
709 -1.48 0.24 2.16 -2.01 0.14 -0.24 2.7
710 -1.72 0.55 -0.82 0.88 -1.17 1.7 -1.35
711 -1.16 1.64 -0.03 0.63 2.94 -0.13 2.0
712 2.24 -0.03 1.17 -0.58 1.49 0.14 0.27
713 0.23 -1.36 -2.87 -0.43 -2.5 1.3 0.81
714 -0.24 1.62 -2.26 -2.21 1.05 0.85 3.12
715 -2.88 1.34 2.32 -0.96 0.75 0.24 0.51
716 -1.49 -0.21 -2.3 -1.9 -0.69 -1.44 -1.34
717 -2.55 -1.85 -2.18 -0.64 0.33 1.08 1.96
718 2.26 -1.2 1.43 -1.83 2.07 0.04 1.63
719 -0.78 0.07 -0.64 1.4 -1.24 0.04 1.23
720 0.06 0.54 -1.74 -2.07 2.23 1.5 1.12
721 1.99 0.27 -1.39 -0.46 -2.0 1.84 -1.34
722 -0.65 -1.5 -1.38 -1.51 -0.46 0.52 2.88
723 -2.23 -0.82 -0.71 -0.4 2.15 1.43 1.12
724 1.73 1.46 0.15 2.12 -1.6 -0.54 -1.71
725 2.48 -1.38 -0.06 2.08 1.45 0.83 -2.22
726 2.9 0.83 -2.44 -1.82 -0.13 -1.5 0.19
727 0.43 -0.49 -0.64 0.97 -1.14 -1.34 0.03
728 2.75 -0.86 2.26 -0.31 -1.87 -0.11 2.2
729 0.41 -0.47 -2.44 -2.23 -0.75 0.57 -1.34
730 -2.9 0.01 -2.94 2.33 -1.5 1.59 2.05
731 -0.53 1.79 -2.09 2.23 0.2 -1.19 2.78
732 0.05 0.0 -0.1 -1.42 2.34 -0.76 1.25
733 -1.5 1.01 0.01 1.2 -1.75 1.59 -2.43
734 -1.37 1.79 -0.29 0.06 -3.1 0.28 3.06
735 0.11 -0.75 -0.64 -1.79 0.91 0.84 0.16
736 0.44 -1.47 -1.33 -1.44 -0.65 -1.77 0.41
737 2.13 -1.01 2.25 1.59 1.38 0.23 2.17
738 -0.83 1.57 -0.78 -0.12 1.89 0.72 -1.29
739 0.03 0.32 -1.64 0.09 -2.97 0.13 -1.6
740 -1.86 1.24 -2.55 -1.77 -0.42 -1.31 -0.59
741 1.02 -1.56 -2.08 1.77 1.93 -1.32 -1.31
742 -0.95 1.3 -0.19 -0.45 0.22 1.01 1.83
743 -0.49 -1.78 2.7 0.97 0.42 -1.35 -3.12
744 -1.75 -1.01 -2.07 0.34 -2.02 1.83 -1.94
745 -1.09 1.33 0.67 -1.58 -2.17 0.92 1.89
746 -3.0 1.85 -0.62 -0.48 2.56 1.89 2.7
747 -0.76 -0.11 2.58 0.63 2.82 1.65 -1.83
748 -2.29 -0.34 -2.83 0.27 -0.1 -1.38 -0.53
749 0.08 -0.38 1.96 0.81 -2.66 0.5 -0.6
750 1.92 -0.16 -0.22 1.73 2.3 0.73 1.73
751 0.83 0.29 -1.84 -0.58 -2.73 -1.9 -2.55
752 2.86 0.17 -2.91 0.35 2.62 -0.14 1.13
753 0.07 -0.74 0.59 1.26 1.46 1.7 2.94
754 1.54 -0.36 -2.61 1.15 -1.8 -0.66 -0.83
755 -0.8 -0.3 1.7 -2.05 1.04 1.3 -0.52
756 1.28 1.47 -0.14 -0.13 -2.31 -1.72 -2.09
757 -2.0 -1.56 1.96 -2.0 -2.67 -0.25 -1.73
758 -0.72 1.88 2.1 1.95 1.09 1.85 1.63
759 -0.55 1.57 -2.62 0.01 1.97 -1.8 -0.3
760 -0.08 -0.7 0.5 0.97 0.3 -1.48 0.81
761 1.13 -1.36 -1.15 -0.72 2.13 0.78 -0.23
762 -0.34 0.72 1.7 2.14 -2.89 1.69 -3.08
763 2.86 -1.38 -1.89 -0.64 -0.12 1.02 -1.28
764 0.96 1.27 0.15 0.79 2.51 -1.11 2.84
765 0.77 -1.76 1.25 -2.34 -0.44 -1.48 -1.81
766 -2.67 0.26 2.9 -1.35 -0.07 1.13 0.88
767 2.56 -0.91 -0.93 1.36 1.05 0.74 1.82
768 -2.31 -0.42 -1.48 -1.2 -0.36 -0.91 -2.24
769 -2.62 -0.37 2.7 -2.12 0.28 -0.6 0.34
770 -2.27 0.43 -0.28 -0.8 1.39 -1.62 1.94
771 2.18 -0.5 0.66 -0.25 -2.11 1.45 -0.06
772 -0.11 0.69 -0.63 1.77 0.79 1.19 1.3
773 -1.56 -0.35 -2.11 1.34 -2.96 -0.41 0.52
774 -2.01 1.72 -0.24 0.56 2.15 -1.66 -2.1
775 -1.89 0.05 0.35 2.32 1.49 0.72 -2.38
776 1.36 1.78 2.85 0.34 -2.52 -0.03 -0.94
777 2.13 0.75 2.07 0.78 0.45 -0.06 -0.54
778 -2.16 -1.79 -1.3 -2.27 -1.39 -1.64 3.02
779 -1.05 -1.09 -1.4 0.04 2.11 -1.03 -1.39
780 0.58 1.82 -2.92 0.93 2.84 -1.54 2.18
781 -0.34 -1.02 -1.59 -0.2 -0.44 0.16 -0.6
782 2.51 -0.09 -2.1 0.02 0.1 -0.45 1.45
783 0.82 -1.13 -0.71 -0.23 -1.62 -0.24 1.53
784 -1.32 0.56 -2.09 0.98 3.0 1.07 2.03
785 1.25 -0.33 -2.92 0.12 -0.06 -0.14 2.02
786 0.14 1.23 2.76 -1.16 1.69 0.42 -1.37
787 -2.42 -0.64 -0.0 0.06 2.25 1.13 -2.25
788 -0.73 1.72 1.63 1.07 -2.05 -0.64 1.72
789 0.87 1.82 -0.98 1.38 1.74 -0.99 -0.17
790 2.63 -0.31 -2.47 -0.51 -1.09 -0.42 1.47
791 -2.72 0.06 2.03 1.88 0.43 -1.29 -1.99
792 -0.59 -0.03 1.61 -0.73 -2.64 -0.39 2.04
793 -1.59 -0.01 1.67 1.37 2.13 -1.69 2.87
794 -1.56 1.01 2.19 -1.38 0.14 -1.36 0.27
795 -3.03 -1.04 0.62 1.91 1.94 1.03 -1.7
796 -0.08 -0.6 -2.13 0.03 -0.81 -0.74 1.17
797 1.47 -1.63 -2.03 -0.14 -3.06 -1.41 -1.25
798 2.97 0.61 -2.23 1.99 -1.08 -0.75 1.96
799 2.56 1.61 2.27 -1.64 0.75 -1.33 -3.12
800 -2.66 1.9 -1.52 1.69 -1.9 0.91 -0.52
801 2.82 -1.45 2.09 1.3 0.85 1.69 -2.92
802 0.87 0.97 2.31 -2.18 1.93 1.67 -0.53
803 1.42 0.66 -0.08 1.7 -1.14 -0.85 -0.97
804 0.98 -0.07 -0.36 -1.96 2.98 0.96 1.61
805 -1.58 -0.36 1.07 -1.58 1.79 0.99 -0.81
806 -0.27 -1.26 -2.77 -0.21 1.0 1.21 2.4
807 0.84 0.68 2.57 0.43 -1.23 -0.14 -1.48
808 -1.3 1.75 2.87 -0.85 1.02 -0.29 2.39
809 -0.67 1.88 1.25 -0.13 -1.02 0.23 -2.13
810 -3.02 0.54 0.13 2.08 2.13 0.59 -1.93
811 0.49 -0.66 -2.34 -0.79 -0.72 0.78 2.34
812 2.31 1.48 1.28 -1.81 1.39 -1.23 1.23
813 1.9 0.49 -1.41 1.28 -2.22 1.02 -3.12
814 -1.96 0.83 0.81 0.87 2.75 1.61 2.27
815 2.41 -0.42 1.08 -1.35 0.75 1.52 1.04
816 2.85 1.87 -1.87 -1.44 0.07 -1.17 -2.99
817 0.08 -0.07 -1.17 0.93 0.66 -0.17 -1.6
818 2.37 -0.5 2.42 -0.28 -0.65 -1.45 -3.0
819 0.54 -1.14 1.82 -0.65 1.03 -1.75 2.72
820 -2.89 1.04 0.21 -1.09 -0.08 1.83 2.59
821 2.0 0.51 -0.72 0.93 0.24 0.26 -2.31
822 -2.13 -1.56 0.09 -0.99 -2.51 1.03 -1.78
823 0.05 -0.82 -2.29 0.02 1.08 -0.28 1.68
824 -0.33 -1.56 0.73 0.16 1.19 0.26 -0.58
825 -0.61 -0.79 2.53 1.0 1.89 0.07 -1.12
826 2.75 0.85 -0.79 1.88 2.59 -0.69 -1.04
827 1.38 -1.86 2.6 1.83 1.18 0.82 0.91
828 2.09 -1.17 -1.85 -1.07 -0.33 1.44 -0.57
829 -3.09 -0.12 -0.52 -0.1 -2.54 -0.45 -2.99
830 3.04 1.38 -2.58 -1.37 -2.93 1.44 -2.94
831 1.86 -1.8 -1.05 -0.41 0.47 -0.53 1.91
832 0.01 -1.35 -2.89 -1.01 -0.99 -0.15 -2.84
833 -0.07 -0.68 2.27 0.29 -1.5 -1.61 -1.24
834 -1.79 1.41 -0.29 2.14 -0.12 0.15 2.23
835 0.35 -1.85 1.36 -1.31 0.36 1.79 0.13
836 -0.86 0.32 1.06 -0.4 1.76 0.93 0.6
837 0.76 -1.27 -1.92 1.1 2.02 -1.33 1.24
838 2.67 0.9 0.9 1.48 0.95 0.63 2.35
839 0.61 0.48 0.73 0.22 2.16 -0.68 1.18
840 -0.28 0.33 -2.37 -0.69 0.76 1.02 0.63
841 -0.92 1.43 1.35 -0.27 2.39 -0.39 -1.83
842 -0.94 1.3 -0.16 1.18 0.34 1.69 -2.29
843 1.24 0.84 -0.2 2.25 0.88 0.8 -0.87
844 -0.67 1.1 0.84 -0.92 1.7 1.48 -0.08
845 3.05 0.47 -2.55 0.55 -1.03 -1.4 -1.77
846 -1.98 0.01 -0.55 0.37 -0.9 0.45 -1.73
847 2.23 0.61 -2.09 -0.67 1.9 0.76 -0.7
848 2.53 -0.24 2.18 1.84 0.05 0.71 -0.38
849 -2.01 0.34 1.21 1.72 -1.13 -0.0 -0.62
850 1.99 0.81 -2.22 1.72 2.74 -0.17 -2.71
851 2.06 0.9 0.21 -0.4 -2.26 1.46 1.74
852 -2.65 -1.57 0.29 -0.79 -2.7 -1.71 0.98
853 0.61 -1.72 2.8 -0.76 -2.41 1.02 1.41
854 -1.73 0.32 -1.2 -2.23 -1.12 -0.76 -0.37
855 1.42 -0.94 -2.37 1.09 -2.96 1.38 -0.41
856 -1.63 1.83 -2.04 0.75 0.28 0.65 -1.09
857 -2.07 0.48 -0.39 -0.82 1.42 0.67 0.54
858 2.96 1.51 -2.51 -1.74 0.56 -0.58 -1.65
859 0.6 0.37 0.84 2.31 -1.79 1.08 1.99
860 -2.55 -0.94 -1.63 1.38 -2.36 1.26 -2.8
861 -0.32 -1.73 0.7 -2.0 2.92 1.66 -2.25
862 -2.28 -1.2 0.71 1.26 -0.15 -0.38 -1.97
863 -0.8 1.85 0.64 1.01 0.41 -0.49 0.67
864 2.09 -1.38 1.03 1.37 -1.99 0.52 2.47
865 -3.03 0.18 1.58 0.63 2.1 1.12 -2.85
866 -2.61 0.12 2.61 -0.55 -1.56 0.62 2.89
867 -0.81 1.22 1.32 -0.18 0.22 -1.84 -0.95
868 -1.8 1.11 -2.47 -0.11 -1.55 -1.2 1.2
869 -1.57 0.98 0.41 1.67 -2.08 -1.53 0.5
870 1.31 -0.72 1.24 0.63 0.1 0.29 0.76
871 1.59 0.94 1.8 1.92 0.77 1.55 1.16
872 -0.18 0.25 0.02 0.94 2.72 1.16 -1.97
873 1.37 -0.72 1.2 1.99 -1.2 -0.4 2.27
874 1.95 1.64 1.17 -0.35 -2.29 0.84 2.54
875 2.04 -0.77 -1.18 -1.51 -2.09 0.76 -1.78
876 -0.59 1.77 -2.08 1.32 1.27 -0.35 -0.55
877 -0.8 -1.4 1.63 -1.25 -0.68 -1.87 1.39
878 -1.93 0.07 -2.0 2.35 0.95 -1.68 -0.08
879 0.55 1.87 -0.82 0.1 -1.29 1.14 0.31
880 -2.05 1.36 0.98 2.27 -2.08 0.06 0.62
881 -0.93 1.24 -0.52 -1.99 -2.57 -1.73 1.71
882 -2.87 0.52 -2.68 -1.56 2.67 -1.4 1.58
883 -0.28 1.4 2.0 1.52 -0.92 1.15 2.2
884 -1.26 -1.3 -1.7 -0.68 1.17 0.57 1.83
885 -1.78 0.91 0.47 1.51 1.67 -0.76 0.08
886 -0.6 -0.99 1.51 1.94 -2.19 1.32 -0.29
887 -3.13 -0.41 -1.88 -0.5 -1.44 -1.47 0.79
888 -2.07 -0.8 2.92 -0.43 -0.06 0.67 1.76
889 -0.63 0.11 -1.74 -1.92 -0.8 -1.15 -2.34
890 -1.33 1.35 -1.68 0.65 -1.74 -0.42 2.01
891 0.68 -1.58 2.21 1.06 1.5 -1.84 -0.11
892 -1.21 0.48 0.25 0.7 -2.93 0.33 -0.91
893 0.16 0.88 -1.95 0.54 1.52 0.44 -1.97
894 -0.16 -0.54 -1.47 -1.94 0.64 0.94 3.07
895 1.18 -0.64 -1.51 -0.09 1.77 -0.92 1.06
896 -0.44 1.51 -0.21 -0.73 2.65 1.14 2.84
897 3.08 0.65 0.96 0.41 -2.27 -1.61 1.11
898 1.99 -1.01 0.11 0.65 1.06 -0.08 2.07
899 -2.65 0.58 0.82 -0.11 1.21 1.36 2.98
900 2.15 0.6 0.3 -2.1 3.09 0.15 2.52
901 -0.19 -1.17 -0.76 1.07 2.23 1.32 1.09
902 -0.32 1.84 -0.39 -1.39 2.2 1.54 0.84
903 0.49 1.3 0.3 1.91 -0.69 -1.87 0.75
904 -0.22 -1.85 -1.31 -1.93 1.54 -1.82 -2.28
905 -1.91 -1.77 2.05 2.01 -0.38 -1.39 -0.38
906 0.27 0.98 -2.26 0.97 2.21 0.66 2.49
907 -0.11 1.65 0.26 0.67 0.76 -0.38 -1.49
908 -1.75 -0.79 -2.51 2.26 1.33 -0.55 1.65
909 1.03 0.38 -1.93 0.01 -1.12 -0.71 -1.92
910 -0.79 1.38 -2.26 0.98 -2.62 1.39 -2.03
911 0.83 1.62 1.04 0.99 1.71 1.32 -0.43
912 -1.4 -0.02 1.97 2.13 -2.0 1.22 -2.88
913 1.95 -0.76 1.91 1.35 -0.65 0.0 -2.55
914 1.94 -0.81 -1.36 1.38 0.62 1.12 -2.49
915 -1.46 -1.44 -1.5 1.95 2.39 0.97 2.27
916 1.58 -0.97 -0.07 1.44 -0.1 1.09 2.87
917 1.45 -1.08 -1.78 1.27 -1.61 -0.04 1.96
918 0.8 0.17 2.94 0.91 0.25 0.23 -2.54
919 0.9 0.41 -1.12 0.31 2.15 -0.06 2.95
920 -1.72 -0.41 -1.54 -0.54 0.81 0.83 0.24
921 0.44 0.03 2.65 1.0 -2.92 -0.87 -1.69
922 -0.92 -0.69 -1.04 0.57 -2.19 1.55 -1.19
923 0.08 0.87 -0.71 0.25 -2.68 1.33 -0.79
924 2.74 1.57 -2.39 1.51 1.66 -1.76 1.73
925 -1.51 1.0 -0.95 1.39 -1.73 -0.24 0.37
926 0.43 0.49 -1.85 -2.24 -0.94 -0.58 -0.42
927 -1.13 1.05 -0.88 0.37 -1.53 1.17 2.71
928 -0.51 1.46 2.07 -1.86 2.09 -1.71 -2.66
929 -0.49 -1.16 1.09 -0.77 1.47 0.63 2.96
930 2.98 0.78 1.31 1.0 1.54 -0.97 0.59
931 -2.6 1.49 -1.62 -0.52 -2.9 1.25 -2.37
932 -0.81 -1.47 1.81 -2.03 2.48 1.27 1.31
933 1.84 0.79 -1.01 0.08 1.78 1.01 -2.18
934 -0.05 -0.96 -1.89 -0.4 -1.45 1.06 -0.91
935 -0.88 -0.11 0.96 -0.37 1.14 1.56 2.97
936 2.51 -0.37 1.75 1.39 0.1 1.07 -1.44
937 -2.19 0.74 -2.75 -1.25 0.92 -0.75 -1.08
938 1.17 -0.24 0.06 1.42 -1.3 0.2 -0.07
939 0.81 -1.8 2.78 2.16 -0.2 1.48 -0.63
940 0.41 0.85 -2.93 1.02 1.42 -1.64 2.03
941 2.41 0.72 1.11 -0.84 -2.58 -0.38 -0.33
942 -2.01 0.95 -2.08 2.22 0.16 -0.72 0.03
943 -0.2 -0.12 2.11 1.36 -1.54 1.23 -1.89
944 0.8 -0.06 1.96 -1.63 -1.7 -1.44 -1.86
945 -0.92 1.78 -0.59 -0.16 -1.64 -1.79 1.81
946 0.54 0.44 -1.64 1.22 0.17 -0.66 -1.69
947 -1.6 0.57 0.92 -0.35 -2.95 -1.12 1.28
948 -1.77 0.6 0.76 -1.43 -1.55 -1.59 -0.27
949 0.97 0.87 -1.39 -0.92 2.33 -0.05 1.68
950 -0.93 1.27 2.01 0.42 1.05 1.72 -0.03
951 1.83 0.4 2.45 1.31 2.46 -1.79 1.12
952 -3.01 -0.96 0.62 -1.51 2.98 0.95 -2.22
953 -0.32 -1.65 -2.14 0.84 0.56 0.26 -1.09
954 -1.8 -0.47 1.79 -0.37 -1.26 -1.89 1.47
955 -1.28 -1.37 -0.31 -2.16 -2.51 0.58 -0.85
956 2.21 1.56 -2.37 -1.35 -2.32 -1.88 -1.22
957 2.63 -1.53 -2.56 0.79 -2.24 0.02 -0.85
958 -0.76 -1.42 2.5 -0.83 2.28 1.69 -1.76
959 2.41 0.08 -0.9 -0.7 -1.34 1.21 1.99
960 2.33 -1.46 -0.77 -1.36 0.87 -0.59 1.91
961 1.28 1.52 -0.25 0.7 -0.54 -0.42 -0.51
962 1.67 -1.37 0.06 -1.47 0.21 -1.29 -1.4
963 -2.0 -0.61 -1.45 0.35 2.71 1.1 1.8
964 1.01 -0.27 -2.31 -1.47 -2.18 -0.12 -2.38
965 0.51 -1.37 1.17 1.82 0.06 -0.24 -0.48
966 1.54 1.64 -0.72 -1.74 2.3 -1.69 -3.04
967 2.89 -0.2 2.86 1.61 1.71 -1.0 0.8
968 -1.16 -0.48 -0.41 -2.03 0.06 0.8 0.51
969 -2.5 0.29 2.93 0.09 -0.93 0.45 1.43
970 0.43 -0.39 -2.72 -0.04 -0.23 -0.85 -0.4
971 0.71 1.06 -1.28 -0.73 2.46 1.37 -1.39
972 -3.13 -1.4 2.08 1.14 0.27 0.56 -1.65
973 2.47 0.35 2.89 0.96 0.69 -1.67 0.74
974 3.06 -1.08 1.19 -2.07 -1.77 -0.06 0.84
975 2.65 0.97 1.98 -1.8 3.04 1.73 2.06
976 1.71 0.03 0.58 -1.49 -2.71 0.92 2.53
977 1.34 0.44 0.96 2.3 -2.08 -0.3 1.48
978 -1.66 0.37 1.05 2.31 -2.73 0.35 1.51
979 1.59 -0.77 2.73 1.71 -1.94 -1.2 2.73
980 1.17 -1.51 2.37 -1.54 -1.29 0.19 1.8
981 1.79 -0.49 -0.89 -2.23 -2.97 0.54 1.93
982 2.93 0.69 -2.48 1.69 0.95 1.44 -2.99
983 -0.94 -1.58 2.27 0.11 -1.94 -0.3 0.99
984 -2.19 -0.91 1.76 -1.84 1.05 -0.65 1.17
985 0.86 0.59 -0.98 1.63 -3.1 -1.02 2.12
986 -2.25 -0.34 -2.62 2.35 -2.65 -1.43 2.56
987 1.45 1.62 -0.8 0.75 -0.85 -0.36 1.29
988 -0.91 0.04 -1.69 -1.18 -0.25 -0.32 2.89
989 -0.26 0.84 2.79 -0.2 2.22 -1.87 -1.57
990 -2.79 1.28 -2.46 -2.03 -0.41 -1.87 2.72
991 2.24 1.66 -0.69 0.15 -0.77 0.93 -0.93
992 0.39 0.81 1.64 -1.49 -1.46 -1.85 1.98
993 1.34 -0.57 2.35 -0.92 -1.82 1.24 -2.44
994 0.58 -1.03 -1.48 -1.21 2.11 0.47 -0.21
995 -2.15 0.26 2.72 1.84 -1.97 0.94 1.37
996 -2.74 1.56 2.8 -1.11 -1.41 -0.64 -0.5
997 -0.54 -0.76 -1.32 -1.94 2.62 -0.15 -0.4
998 -1.09 -1.39 -1.31 0.13 -0.03 -0.95 -1.39
999 0.12 1.3 1.85 2.21 2.49 0.05 -2.3
1000 1.88 1.53 -1.58 1.61 -1.68 0.22 -0.72
1001 -0.2 0.96 1.79 -0.6 -2.19 0.74 0.21
1002 -2.02 0.57 -1.49 -2.04 2.6 0.76 -2.21
1003 2.12 0.94 -0.12 0.14 -0.79 0.89 1.85
1004 0.97 -0.35 -1.16 0.32 -2.03 0.36 1.21
1005 0.84 1.21 1.62 2.14 -0.08 -0.96 -2.68
1006 1.95 -1.57 2.87 -0.77 3.09 -0.94 -0.87
1007 -2.1 1.07 0.24 1.33 -1.96 1.72 -1.13
1008 1.55 -1.31 2.08 -1.35 0.28 0.89 -0.52
1009 2.38 -0.73 2.74 -2.36 -3.0 -0.88 -2.84
1010 -2.57 0.91 -2.24 -1.55 1.88 -1.78 -1.69
1011 0.5 1.62 -2.77 1.6 0.97 -1.37 -1.84
1012 -1.44 -0.09 -2.57 1.69 1.01 -0.35 2.67
1013 2.62 -1.49 1.83 1.83 -0.78 0.3 -1.88
1014 -1.46 0.44 -1.95 2.32 -0.81 -0.92 -0.29
1015 -2.22 1.14 -0.16 1.23 -2.7 -0.68 -3.02
1016 -0.46 -1.73 2.73 0.39 -0.31 -0.71 -0.15
1017 -0.8 1.17 1.62 1.67 0.03 1.83 0.04
1018 1.44 -0.24 -0.35 -2.23 3.04 0.62 0.65
1019 -0.65 -1.47 0.7 -0.64 2.7 0.36 2.71
1020 1.6 0.96 0.79 -0.99 0.74 -1.22 3.06
1021 2.44 1.29 1.11 0.6 2.28 -0.43 -2.07
1022 -0.84 0.49 1.44 2.36 -1.55 -1.65 2.16
1023 1.91 -0.64 2.1 -0.49 0.94 -1.82 -2.78
1024 2.45 1.12 -2.38 -2.03 1.76 0.57 -1.27
1025 -1.52 -0.03 -2.61 -1.73 -2.36 -1.06 -2.72
1026 -0.76 -0.74 -0.49 -1.62 1.35 0.05 -2.62
1027 2.73 -0.71 0.52 -0.41 1.09 1.12 0.65
1028 -2.18 -0.53 0.45 -2.12 -0.45 -1.03 -1.66
1029 2.78 1.78 0.12 1.05 1.43 1.72 2.74
1030 -0.58 -0.25 0.65 1.17 -2.72 0.3 -0.83
1031 -0.25 -0.89 -2.72 0.22 -1.63 1.4 -0.62
1032 3.09 -0.04 -1.82 0.75 -2.1 -0.79 -0.36
1033 -2.25 0.19 1.48 1.02 -2.38 -1.87 0.35
1034 -0.76 -0.41 -2.53 1.9 -2.52 -0.72 1.18
1035 -0.45 -0.07 2.84 -1.79 0.5 -1.82 2.38
1036 0.64 -1.84 -0.16 1.03 -0.7 -0.27 -1.1
1037 1.84 -0.84 2.52 -1.78 1.75 -0.71 1.73
1038 -2.95 0.88 -1.01 -0.91 0.99 1.26 -2.95
1039 0.0 -0.0 2.16 -1.51 1.94 0.31 2.81
1040 0.49 -1.16 0.86 -1.05 -1.98 -0.18 -2.78
1041 1.56 -0.32 1.74 1.54 2.01 0.52 2.67
1042 -1.15 -1.27 -0.05 -2.12 2.04 -0.08 0.15
1043 -2.3 0.33 0.67 -1.03 -2.55 -1.32 0.74
1044 -2.06 -1.3 -0.96 1.38 -1.94 0.11 -0.18
1045 -2.65 -0.71 -2.11 0.33 1.98 -1.1 1.79
1046 2.69 0.72 1.65 1.09 3.0 0.66 0.93
1047 2.98 -0.03 -0.55 -1.5 -0.68 0.56 2.69
1048 0.79 -1.61 -0.25 -0.55 -2.41 1.48 -0.7
1049 -0.78 -1.56 -1.01 0.38 -1.19 0.33 2.56
1050 -2.24 1.63 -2.81 -0.46 1.35 1.86 0.06
1051 -0.47 0.05 -1.5 1.92 1.35 -0.17 1.17
1052 -0.22 -1.23 -2.68 0.66 -1.57 1.27 -1.47
1053 -0.95 -1.64 1.18 -1.86 2.6 0.59 2.53
1054 3.02 -0.35 0.65 -0.14 -0.99 -0.88 -0.07
1055 -0.02 1.24 1.98 0.49 1.98 -1.65 -2.73
1056 -0.09 1.68 2.33 -2.17 -1.26 1.82 2.37
1057 0.03 -1.77 1.23 0.23 2.82 0.22 -2.49
1058 1.99 1.11 -2.87 -1.98 0.66 0.93 2.04
1059 -2.37 0.19 -0.72 -1.85 -2.29 1.62 -1.53
1060 -0.98 -0.29 -0.79 0.99 -2.45 0.26 -0.8
1061 0.74 -1.85 -1.6 -0.26 -2.67 -0.95 -0.5
1062 1.31 1.11 -1.53 1.23 2.64 0.86 -0.75
1063 -1.51 -0.37 2.22 1.44 1.96 0.72 2.86
1064 2.49 1.48 2.51 -0.86 1.53 -1.73 2.63
1065 0.12 -1.01 -0.57 -1.48 0.53 0.37 2.32
1066 -0.32 -1.42 -0.07 0.09 -0.12 0.35 2.06
1067 2.27 -1.36 -2.13 1.04 -1.13 -1.19 1.06
1068 1.02 -0.54 1.73 -1.5 -0.21 -1.25 -0.47
1069 -2.16 -1.79 0.66 -1.81 -0.3 0.37 -0.62
1070 2.71 0.78 -2.06 1.28 -0.49 -1.85 1.72
1071 -0.97 -0.19 2.51 0.53 -1.96 1.19 -0.37
1072 1.07 0.34 -2.11 -1.23 -1.41 -0.1 -1.16
1073 -3.09 0.57 0.65 0.48 1.46 1.83 0.99
1074 0.25 0.51 2.25 1.42 0.78 1.8 -1.83
1075 -1.48 0.66 -0.33 0.81 -1.17 0.07 -0.73
1076 2.34 0.15 -1.35 0.44 -2.4 1.01 -0.46
1077 1.11 -1.8 1.47 -0.01 -1.73 -0.91 0.47
1078 1.22 -1.74 -1.84 2.21 -1.8 0.53 0.47
1079 0.02 -1.66 -2.89 1.89 0.64 -1.53 1.65
1080 -0.52 0.16 1.58 0.56 -0.36 -1.0 -0.04
1081 -0.89 -0.88 -2.14 -1.32 -0.48 -0.99 -0.17
1082 -2.37 -1.3 1.25 -0.19 -0.67 1.74 -2.39
1083 2.65 0.93 1.71 0.93 1.48 1.54 -0.82
1084 0.1 1.79 2.27 -1.2 2.12 -0.51 -1.55
1085 3.11 0.27 -2.12 -0.8 1.4 -0.69 -2.39
1086 -3.09 0.2 -1.44 2.33 2.68 -1.53 0.28
1087 -1.94 0.55 -1.9 2.23 1.69 0.53 2.61
1088 -1.67 -0.4 2.85 -1.38 0.35 -0.85 -1.51
1089 -1.92 1.34 -2.13 2.1 1.13 1.17 -2.43
1090 -2.1 0.68 -2.74 1.66 -3.08 -0.08 0.44
1091 -2.83 0.78 -0.79 -0.26 0.88 -1.39 -1.84
1092 2.12 0.36 0.35 -0.5 -0.78 1.49 1.68
1093 -2.29 -0.49 -2.68 1.07 2.82 0.97 -0.16
1094 2.07 0.34 1.91 -2.3 0.04 -1.29 -0.57
1095 -0.31 1.41 -1.22 -1.81 0.16 -1.62 2.43
1096 0.09 -0.22 1.02 1.77 -0.6 1.37 1.51
1097 -1.25 0.37 1.83 0.58 -1.76 -0.6 -0.89
1098 0.62 1.68 -1.8 -0.78 -1.53 -0.03 -2.1
1099 0.81 -1.06 1.51 -0.27 2.44 -1.16 -0.2
1100 -1.01 -0.08 -0.21 -0.98 -2.07 1.29 2.4
1101 2.75 0.91 2.94 -0.0 2.13 0.7 -1.57
1102 1.63 0.23 -2.26 -0.99 -1.06 -1.18 1.36
1103 0.56 -1.62 -2.4 0.62 2.64 -1.6 0.91
1104 -2.76 0.13 -1.07 2.3 -0.4 -1.89 1.67
1105 1.13 -0.28 2.68 1.33 -3.09 1.86 2.38
1106 -1.25 0.37 0.17 -0.9 0.14 1.84 3.07
1107 2.82 0.46 2.24 -2.08 -1.05 -1.47 0.22
1108 2.49 0.3 0.7 -1.42 -2.33 0.01 -0.0
1109 -2.77 -1.38 -0.96 -0.88 -0.35 1.57 -0.67
1110 -3.07 -1.46 -1.34 0.38 -2.21 0.64 -0.7
1111 -1.21 1.56 -0.96 1.76 -1.94 -0.36 3.06
1112 -2.28 -1.45 1.28 -1.19 2.84 0.87 -2.17
1113 0.43 -1.38 -1.41 1.83 -2.29 -1.2 0.6
1114 -2.98 -1.7 -1.52 -1.23 0.05 -1.28 -2.69
1115 2.96 -1.54 1.76 -1.89 1.33 0.12 -3.12
1116 -3.0 -1.36 -1.85 -0.86 2.84 -1.19 -0.29
1117 -2.56 -1.36 -0.43 0.95 1.97 1.87 -1.08
1118 -2.25 0.27 -0.7 -0.17 -0.59 -1.54 1.15
1119 3.04 0.54 1.98 2.04 -2.59 1.48 -1.99
1120 -1.97 1.29 -1.09 -1.44 -0.6 1.19 -1.42
1121 1.81 -1.17 2.8 1.38 2.83 -1.01 -1.22
1122 0.72 -1.17 -2.85 -0.3 1.59 1.26 -3.04
1123 -2.65 -1.8 -1.54 0.92 -0.25 0.46 -2.33
1124 1.32 -0.08 1.06 0.98 1.7 -1.08 0.7
1125 0.67 0.47 2.56 -1.32 -2.5 -1.01 -1.08
1126 0.81 -0.99 2.46 1.8 -1.93 1.2 -1.04
1127 1.81 0.0 1.42 0.83 -2.42 0.88 -1.13
1128 -0.6 -1.34 2.48 1.98 1.83 -1.89 1.01
1129 -1.79 -0.47 -1.19 -0.07 -2.1 -0.83 2.85
1130 2.81 -1.68 2.9 2.08 1.28 -1.73 2.99
1131 2.79 0.29 2.07 -0.25 -0.76 -0.8 -0.3
1132 0.64 -1.03 0.86 -1.07 -1.8 -0.78 0.06
1133 -1.37 1.77 0.91 2.17 2.05 0.32 0.75
1134 -0.57 0.34 -1.17 -2.17 3.09 1.15 -1.47
1135 1.21 -0.13 0.16 -1.13 -1.63 -1.3 0.64
1136 -0.52 0.17 -2.9 1.35 -1.16 0.37 -0.62
1137 2.43 0.6 -1.42 -0.82 -2.76 1.52 -0.23
1138 -2.16 -1.32 -0.77 -2.14 2.24 0.52 0.64
1139 0.01 1.55 0.34 0.75 1.24 1.05 -0.93
1140 1.83 0.78 0.75 -2.33 -1.21 0.66 -0.11
1141 -1.14 -0.45 -2.14 0.02 -0.02 0.02 1.38
1142 -0.34 -0.89 1.26 0.12 -1.67 -1.21 -1.67
1143 -1.4 1.08 0.48 1.6 -0.64 -0.65 2.73
1144 1.37 0.9 1.06 -1.15 2.43 0.37 -1.17
1145 0.26 -0.6 -1.52 -0.07 3.13 1.86 1.67
1146 -1.58 1.3 -1.22 1.38 -2.76 -0.86 -2.34
1147 0.16 1.71 -1.81 -0.27 -1.28 -1.33 -1.86
1148 -0.69 1.86 2.64 1.88 -2.58 1.51 1.07
1149 -0.78 1.51 -2.43 2.13 -1.77 0.71 0.74
1150 -2.76 -1.81 1.33 -0.25 -2.56 0.97 -2.76
1151 0.8 -0.22 -0.79 -0.24 -1.68 -1.89 2.72
1152 -2.54 -0.42 2.0 -2.3 1.71 0.5 -2.34
1153 -0.41 0.85 -0.48 -1.38 -2.74 -1.18 -2.77
1154 -2.99 0.54 0.0 -2.14 1.23 0.52 -3.11
1155 -1.84 -1.02 -0.95 0.26 -2.79 0.83 -0.72
1156 1.26 -0.71 -2.14 -1.9 -0.33 0.78 -1.22
1157 -2.17 0.28 -0.41 0.32 -0.79 0.94 -2.73
1158 2.73 -1.34 -0.99 -1.13 -1.08 -0.79 -0.28
1159 -2.18 -0.9 -1.12 0.88 1.51 0.33 -1.06
1160 0.23 1.77 -0.05 1.3 -2.82 1.65 2.84
1161 0.98 1.13 1.67 -1.65 0.5 1.04 1.36
1162 -0.16 1.36 1.44 1.21 -2.92 0.08 0.18
1163 -2.14 1.15 1.0 -0.65 -2.65 1.55 2.08
1164 1.98 -1.55 2.4 -0.67 1.04 -1.69 -1.85
1165 0.06 -1.29 1.25 -2.3 2.62 -1.8 -1.53
1166 2.3 -1.51 2.38 1.71 0.46 0.63 -2.21
1167 0.36 -0.08 -1.65 0.23 1.85 0.13 2.09
1168 2.99 -0.08 1.08 0.43 -1.8 -0.44 2.8
1169 -0.41 0.58 -2.38 1.29 1.84 -1.52 0.68
1170 2.66 0.21 -0.65 -0.7 -1.04 -0.17 -0.37
1171 -2.69 -0.34 2.7 -2.26 2.9 1.36 0.65
1172 1.23 1.36 -2.68 -1.22 3.1 -1.78 -2.63
1173 -0.81 -0.57 -0.48 -1.66 -1.85 0.13 3.09
1174 -2.54 -1.39 -1.52 -2.21 1.33 -0.42 -0.42
1175 -0.4 1.47 -1.93 -1.64 2.21 -1.74 -1.44
1176 3.08 1.78 1.52 0.42 1.73 1.5 -2.66
1177 -0.19 0.55 0.11 1.32 -0.07 -0.41 -1.02
1178 -1.66 0.32 -1.01 0.52 -2.08 1.66 -2.73
1179 1.82 -0.37 1.83 2.02 -0.34 -0.65 0.32
1180 0.19 0.55 -0.53 -2.13 -2.63 -1.44 -0.3
1181 -2.91 0.45 0.6 1.53 2.28 0.77 0.94
1182 1.44 0.71 1.01 0.54 -1.27 0.17 1.17
1183 0.93 1.76 0.53 1.61 1.97 -1.83 -3.03
1184 2.57 -0.62 -0.34 1.02 -1.67 -0.62 -0.52
1185 -2.4 -0.4 -1.28 -1.66 1.56 -0.71 2.73
1186 0.34 1.68 -2.91 -2.23 -0.85 -1.71 -1.04
1187 -0.17 0.01 -2.63 -1.2 -2.1 -0.76 -0.07
1188 -0.79 0.15 -2.1 -1.18 -0.03 -0.79 1.89
1189 1.12 -1.53 1.32 -0.64 3.08 0.38 1.01
1190 -2.01 0.29 1.55 -0.63 -0.93 -0.14 -1.75
1191 -0.33 0.76 0.03 1.24 0.43 -1.51 1.17
1192 2.86 0.48 1.97 -1.03 -1.62 -1.02 2.6
1193 2.87 -0.08 -0.32 0.14 -0.9 1.21 0.21
1194 -2.1 1.36 -2.11 -0.58 -1.16 -1.59 -2.31
1195 1.15 0.78 1.33 -1.71 0.95 -0.03 -2.66
1196 1.2 -0.6 -2.63 1.07 0.99 0.47 -2.94
1197 -1.39 -0.53 -2.26 -2.04 -2.72 -0.17 0.17
1198 -1.19 -1.34 -2.0 0.26 -1.16 1.64 -0.52
1199 0.07 -0.62 2.47 0.3 -0.13 -0.01 -0.97
1200 -2.15 -1.32 -2.64 2.02 1.57 -0.02 -2.66
1201 -2.47 -0.19 -1.93 0.09 1.52 -0.45 -0.04
1202 0.7 1.21 -2.87 1.33 3.09 1.42 0.98
1203 -2.91 0.2 1.29 1.06 -2.08 0.17 -1.74
1204 -0.34 1.54 0.7 -2.09 0.76 1.65 1.87
1205 -0.81 -0.98 1.72 -0.84 1.04 -1.67 -2.7
1206 2.24 -0.89 -0.17 1.77 0.98 -0.81 3.03
1207 -2.26 -0.74 0.17 1.3 -0.5 1.66 -1.63
1208 -2.61 1.61 0.12 -1.76 -1.12 1.53 -1.36
1209 1.92 0.59 0.5 1.79 -2.8 -1.4 0.61
1210 -1.06 0.93 -0.2 1.18 2.14 -1.82 0.76
1211 -1.43 -1.65 1.91 0.71 1.63 -1.45 1.42
1212 -2.65 0.82 0.71 -0.05 1.68 -0.93 2.5
1213 2.87 0.24 -0.62 -0.59 -1.96 -0.58 -2.64
1214 2.07 -1.83 0.93 -1.58 -0.73 -1.1 -0.8
1215 -2.44 1.56 -0.3 -0.24 -2.53 1.89 1.81
1216 0.87 -0.64 2.85 -2.25 2.47 0.54 0.39
1217 1.09 1.0 2.48 -0.53 0.6 -0.49 0.12
1218 1.98 -1.18 1.49 1.53 -1.24 -0.68 -1.2
1219 -1.4 -0.73 0.92 1.55 -1.72 -0.75 0.25
1220 -2.86 -1.17 1.82 0.08 -0.2 1.78 2.15
1221 -2.78 -0.2 -1.0 0.3 -2.35 -1.46 -2.34
1222 0.51 1.68 2.34 1.5 -0.16 -0.71 2.43
1223 1.2 -0.4 1.59 -0.29 -2.51 -0.02 -2.89
1224 -1.49 0.36 0.53 -1.68 -1.46 1.33 3.12
1225 1.29 0.98 2.46 -1.05 0.08 0.97 -0.3
1226 2.86 -0.94 1.89 1.14 -2.08 0.39 1.13
1227 1.97 -1.46 0.87 1.12 -2.45 1.35 2.59
1228 -2.61 -0.86 0.09 1.69 0.41 0.31 -1.58
1229 -2.59 1.28 0.7 -2.05 2.67 -1.68 0.28
1230 1.43 0.86 1.06 -0.44 -1.89 0.56 -2.6
1231 -1.52 1.02 1.07 0.69 2.31 0.15 -0.48
1232 -2.74 -1.01 0.7 0.06 -2.71 -1.86 -0.44
1233 1.7 0.58 -0.26 0.52 2.5 1.22 -0.12
1234 -0.74 -0.03 2.44 -2.07 -1.04 -0.59 0.63
1235 -0.94 1.24 -2.48 -1.53 2.21 0.76 1.81
1236 -1.85 -0.36 1.3 0.99 1.45 0.08 2.39
1237 -2.35 -0.02 -1.01 1.79 0.35 -1.27 2.23
1238 0.99 0.69 2.18 0.23 0.58 -0.1 1.51
1239 2.86 0.81 0.63 -2.12 -2.3 -0.8 -2.85
1240 -2.51 0.87 -2.49 -0.83 -0.68 1.58 -0.65
1241 1.16 0.41 2.03 0.33 -0.54 -1.3 -0.81
1242 2.31 -1.08 2.65 0.19 1.51 -1.89 -0.42
1243 -1.3 -1.02 -2.25 -0.95 2.4 -1.23 -1.04
1244 2.07 -0.04 0.83 0.56 0.21 -0.52 -1.88
1245 1.89 0.11 -0.21 -1.94 0.67 -0.74 1.27
1246 1.3 -1.05 -2.0 2.12 -1.68 1.35 1.28
1247 3.07 -0.72 -0.98 1.54 -2.67 -0.36 2.64
1248 1.31 -1.32 -0.69 0.04 1.34 0.74 1.44
1249 -0.9 -1.43 1.59 0.49 -0.12 1.52 -0.94
1250 -0.14 -1.63 -0.9 -0.47 2.04 -0.46 0.51
1251 0.68 0.17 -0.43 2.05 2.69 -1.58 -0.92
1252 2.31 1.16 1.76 -0.5 0.57 0.27 2.63
1253 0.02 -0.84 -1.22 0.85 -0.08 -0.55 -0.11
1254 1.44 1.0 -2.05 0.05 2.9 -0.08 3.07
1255 2.98 -1.61 -1.76 -1.63 -0.77 0.99 1.17
1256 -2.05 0.55 -0.16 0.42 -2.28 0.57 -0.96
1257 -0.14 0.38 -0.12 -1.37 2.4 -1.18 0.31
1258 -0.31 -0.1 2.38 2.3 -1.8 1.5 2.95
1259 2.56 0.37 -0.86 -0.93 -1.99 -1.69 1.0
1260 1.0 -0.56 -1.4 0.71 0.32 -0.85 2.0
1261 -2.36 -0.7 1.59 1.2 -2.05 1.44 -0.67
1262 -1.06 1.44 2.2 -0.68 -0.73 0.13 1.05
1263 0.8 -0.81 1.51 -0.53 1.63 -1.12 -0.76
1264 -0.1 -0.16 2.34 -1.55 0.61 1.09 -0.53
1265 3.09 -1.02 -1.07 0.88 1.04 -0.28 2.51
1266 -3.12 -0.24 1.79 0.67 1.56 -0.83 0.73
1267 0.59 -0.38 1.41 2.19 -1.95 -1.71 0.02
1268 0.2 1.63 0.52 -0.86 -2.9 -1.59 2.25
1269 -2.67 1.4 -0.18 -0.97 1.4 0.09 2.05
1270 1.28 1.53 1.86 -0.33 1.61 -0.99 -1.48
1271 -0.19 1.09 1.78 1.44 -1.57 -0.84 2.16
1272 1.83 -1.29 -2.61 -1.98 2.42 1.24 2.67
1273 -2.57 -0.82 -2.63 0.47 3.06 -0.1 -2.28
1274 3.04 1.24 -1.47 -1.53 1.42 -0.43 1.86
1275 -2.66 -1.76 1.3 1.62 -0.61 1.15 -0.37
1276 2.04 1.24 -2.37 -0.87 1.28 -1.4 -1.37
1277 0.95 -0.23 2.15 1.79 -2.41 0.46 1.82
1278 -1.75 0.09 -2.26 1.29 0.27 0.48 2.41
1279 0.92 1.1 -1.88 0.78 -0.2 1.23 -0.87
1280 2.39 -0.27 -1.1 -0.09 1.65 -0.06 0.03
1281 1.95 -0.73 0.23 -0.46 -1.83 1.31 2.69
1282 0.8 1.56 -2.83 1.65 1.72 0.98 -1.46
1283 1.36 0.98 1.2 -0.44 -2.56 0.9 -1.74
1284 -0.19 -1.52 -0.94 0.78 -1.39 1.07 -0.6
1285 0.71 -0.97 0.62 0.05 0.31 0.69 2.13
1286 2.73 -1.67 1.79 0.1 -1.87 0.57 0.73
1287 -1.09 0.47 1.58 -1.15 -0.03 1.7 -2.45
1288 -1.58 -1.53 -2.65 0.14 -0.34 -1.02 0.34
1289 2.41 0.34 0.12 -0.95 -1.95 0.13 -1.0
1290 -0.81 0.69 1.06 2.07 2.42 0.6 -0.24
1291 -0.8 1.16 0.75 0.61 -0.46 -1.07 -0.94
1292 2.94 0.75 0.9 -2.27 -2.18 -1.63 -0.95
1293 0.36 -1.29 2.84 0.49 -2.54 1.77 3.03
1294 2.02 -0.66 2.87 -2.11 2.05 -1.46 2.49
1295 -2.68 0.19 -0.8 -1.92 -1.71 -0.67 2.85
1296 -0.58 1.54 -2.56 1.3 0.47 1.61 -1.95
1297 -0.02 -1.48 1.3 -0.6 -0.83 -1.46 -1.38
1298 -3.03 1.75 0.86 -2.01 -2.48 0.09 1.93
1299 -0.57 -1.87 0.79 -0.23 -2.4 -0.14 1.49
1300 1.18 -1.58 -2.42 -1.28 0.28 -0.53 -1.39
1301 -2.12 -0.07 1.81 -2.1 -0.04 -1.39 2.96
1302 -1.7 1.05 -2.39 0.19 1.12 -1.84 2.74
1303 0.14 -0.52 2.14 1.76 1.66 0.3 1.9
1304 1.57 -1.84 1.59 1.36 0.55 1.33 -2.56
1305 2.84 -1.81 -1.41 -1.31 1.48 0.52 1.36
1306 -1.07 1.63 0.83 -0.22 1.8 -0.43 0.93
1307 0.76 -0.18 0.58 -0.77 1.23 0.75 -0.21
1308 2.14 -0.56 -0.7 0.37 0.04 -1.42 -1.95
1309 -0.45 -0.97 2.89 1.05 -0.28 0.13 -0.15
1310 -0.73 0.62 0.37 1.03 2.59 0.87 0.72
1311 1.59 -0.65 1.3 2.11 0.23 1.68 -1.77
1312 2.63 -0.34 -1.01 -1.77 -1.36 0.23 2.65
1313 -0.0 0.14 -1.81 1.94 -1.33 1.13 -2.39
1314 -1.83 -0.27 -0.05 0.91 -0.51 -0.02 -2.42
1315 1.75 1.71 2.93 -2.04 1.14 0.38 2.24
1316 -2.04 -0.99 -0.45 -0.61 -0.34 0.32 -0.07
1317 -0.13 -1.65 -0.49 0.98 2.12 1.32 -0.84
1318 2.23 0.53 -2.46 -1.76 -2.31 -0.92 2.51
1319 0.42 1.6 0.25 1.18 2.14 -0.93 -0.08
1320 -3.03 -1.7 1.95 2.32 0.84 1.29 -1.78
1321 2.27 -0.96 1.38 1.77 1.93 -1.71 -0.44
1322 -2.47 -1.73 -0.98 1.18 1.51 -0.78 1.5
1323 -2.97 -1.47 -0.51 -0.17 -0.7 -1.26 -2.9
1324 -1.65 1.55 1.66 0.18 2.61 -1.71 0.9
1325 -0.73 -0.72 1.56 0.81 -0.71 -0.17 -2.03
1326 3.08 -1.51 -1.63 -1.03 1.58 1.7 2.97
1327 -3.12 -0.61 -0.65 1.32 -0.29 0.18 2.38
1328 0.93 1.82 -0.95 2.21 0.19 -1.88 2.04
1329 -0.33 -1.36 -1.03 -1.13 0.05 1.73 -1.09
1330 0.98 -0.71 -1.18 -1.67 -0.43 1.35 0.5
1331 -1.88 -0.8 -1.08 0.48 2.82 -0.1 3.11
1332 1.69 -0.16 0.47 0.16 -2.37 0.15 -2.82
1333 -0.86 -0.59 2.51 -1.0 -0.84 1.2 -2.66
1334 2.62 1.02 1.39 0.39 -0.74 1.26 -2.19
1335 0.84 -1.25 -1.49 -0.87 1.06 0.86 0.92
1336 1.3 0.75 -2.91 -1.12 1.69 -1.68 1.47
1337 -3.11 1.32 -0.42 0.13 -0.84 0.79 1.77
1338 -2.4 0.73 -2.83 -0.68 -1.13 -1.7 3.02
1339 -2.88 -0.8 2.68 1.22 -3.11 0.92 -1.86
1340 1.83 0.89 -1.88 -1.68 -2.37 -1.82 0.38
1341 1.14 -0.29 1.27 -1.97 1.74 1.76 0.88
1342 1.49 0.15 1.82 1.62 -1.34 -1.18 -2.59
1343 -1.2 0.03 -1.28 -0.77 2.87 -1.74 -1.76
1344 3.02 -1.64 1.23 0.28 -0.55 1.66 -2.9
1345 -1.77 -0.36 1.41 -0.28 -2.51 0.89 1.92
1346 0.66 -0.59 0.29 -0.54 -1.35 -0.2 1.23
1347 0.53 1.32 2.65 0.99 2.77 0.43 2.44
1348 -1.07 1.62 1.93 -2.31 -2.12 -0.36 -1.41
1349 0.25 1.79 -2.02 1.2 -0.97 1.33 -1.52
1350 -0.3 0.87 0.41 -2.0 2.62 0.81 0.49
1351 -1.75 0.37 2.4 2.35 -2.55 -1.4 -1.61
1352 1.04 0.36 -0.39 1.42 2.47 -0.99 1.88
1353 1.8 0.92 0.56 0.36 1.12 -0.86 0.52
1354 -1.42 -0.32 1.15 -0.38 -2.14 -0.31 -1.69
1355 1.82 -0.82 -1.48 0.52 -1.87 0.11 2.25
1356 1.8 1.25 0.85 -0.32 1.27 -0.31 -3.06
1357 -0.69 -0.63 -1.95 -1.4 -0.55 1.52 -3.12
1358 0.92 -0.85 1.03 1.98 0.71 -1.68 -2.48
1359 -2.42 1.89 0.35 0.29 -1.1 1.86 1.57
1360 -0.23 -1.75 -0.61 -2.29 0.51 -1.19 -1.32
1361 2.68 0.16 1.93 -0.67 -1.36 -1.8 -0.05
1362 -0.42 1.66 1.33 -1.87 -1.87 0.09 1.73
1363 3.01 1.57 -2.03 -0.07 -1.9 -0.33 1.21
1364 1.78 -1.79 -1.6 -1.52 2.06 1.52 0.01
1365 -1.91 1.85 -0.08 2.22 -2.67 0.48 1.09
1366 0.27 0.65 2.29 2.13 0.4 -0.78 1.09
1367 -2.94 0.67 2.13 -1.99 1.89 1.63 2.83
1368 1.39 0.07 0.54 1.79 -2.98 0.17 1.64
1369 -0.74 -0.93 -2.31 1.95 1.08 1.18 -2.52
1370 -0.5 -1.37 -0.6 0.79 -1.54 -0.66 -1.58
1371 0.09 -1.4 1.01 -0.84 1.26 -0.96 0.69
1372 -1.24 0.76 1.04 0.6 1.91 -0.72 2.52
1373 -1.2 0.72 1.77 -0.93 2.66 -1.47 -2.18
1374 0.88 1.86 1.27 0.5 2.1 1.79 2.98
1375 2.75 1.01 -0.94 2.17 -1.3 -0.53 -1.55
1376 1.39 -1.86 2.93 -0.07 -1.14 -1.3 -2.58
1377 -2.42 -0.12 -0.63 -1.31 -2.84 0.26 1.84
1378 -1.87 1.58 -1.8 -2.03 -0.91 -0.59 -1.88
1379 -2.19 0.77 -2.48 1.82 2.08 1.55 1.91
1380 2.13 -1.31 -2.27 -0.32 -1.63 -0.77 -1.59
1381 2.21 -1.0 1.45 -1.74 -2.41 -1.35 2.58
1382 -2.88 1.08 2.51 1.49 -0.26 -0.61 -0.06
1383 2.09 1.47 1.73 -0.47 -1.78 -0.03 0.36
1384 -1.88 1.18 -1.47 -0.65 -2.28 -0.32 -0.67
1385 -2.0 -0.63 0.64 -2.18 -2.07 0.68 -1.07
1386 -0.56 -1.15 -0.98 -0.41 -0.8 -1.24 -2.95
1387 0.81 0.95 1.0 -0.83 -1.49 -0.32 2.24
1388 -2.87 0.58 2.78 0.8 -0.53 0.89 -1.69
1389 -1.52 0.29 0.75 1.7 2.02 -0.1 -1.95
1390 -1.69 0.96 1.52 1.05 2.54 0.32 -0.69
1391 0.09 0.67 -1.01 -0.23 0.38 -1.63 -0.23
1392 -2.13 1.22 2.87 1.01 0.15 -1.43 2.19
1393 0.71 1.4 2.23 1.31 1.63 0.86 -0.49
1394 -2.8 1.03 1.74 -0.01 -1.24 -0.83 1.34
1395 -2.69 -1.2 -0.49 -0.89 1.87 -0.11 -3.02
1396 1.7 0.43 -1.47 1.36 1.3 -0.98 1.02
1397 -2.75 -0.33 -1.94 -1.87 0.49 -0.73 -2.29
1398 -1.33 1.87 1.36 -0.52 -1.81 -1.25 1.37
1399 -0.34 1.65 2.8 1.47 2.02 1.89 1.85
1400 1.4 1.03 -1.84 -1.36 -1.93 0.6 2.98
1401 0.97 0.65 -0.68 0.53 -2.9 -1.28 -1.57
1402 -2.65 1.27 0.52 0.23 -1.54 1.37 2.82
1403 -0.87 0.81 -0.14 -0.81 0.48 0.84 2.72
1404 -2.04 1.53 -0.89 -0.59 -1.1 -1.12 -2.4
1405 2.82 0.27 2.77 -2.09 -2.27 0.72 0.11
1406 1.33 1.59 0.11 0.31 0.47 -0.07 -2.43
1407 -2.43 -0.2 -1.62 1.21 -1.82 -1.08 1.76
1408 -2.84 0.76 -1.31 -1.26 0.7 0.83 0.4
1409 -1.27 -0.78 0.51 -1.67 1.14 -0.99 -2.83
1410 -0.59 -0.64 2.81 -0.21 -2.0 1.03 2.37
1411 1.32 0.52 0.15 0.22 -2.13 -1.19 0.54
1412 0.78 0.73 -0.88 1.27 -1.39 0.57 -1.24
1413 -1.86 1.09 2.79 -0.04 1.81 -1.79 0.93
1414 1.2 0.07 -0.78 1.03 -0.14 -0.11 2.05
1415 -1.68 -0.96 1.38 -1.66 0.26 0.75 0.97
1416 -1.65 0.03 -1.59 1.53 0.04 0.6 0.15
1417 1.09 0.5 1.64 2.27 -0.95 0.81 1.02
1418 -0.21 -0.98 2.06 0.59 2.19 1.33 -0.64
1419 1.58 1.43 2.37 0.47 2.09 0.58 1.49
1420 2.38 0.67 -0.79 2.07 0.61 -0.43 -0.82
1421 0.84 -1.74 -0.82 0.56 -0.66 1.09 -2.2
1422 0.99 0.6 2.94 -1.92 0.6 0.21 -0.93
1423 -1.36 1.73 1.14 1.23 0.94 -1.72 -0.19
1424 -0.93 0.31 2.57 2.02 -0.39 -1.29 -1.57
1425 -0.17 0.92 -0.46 1.33 -1.08 -1.8 1.84
1426 -0.83 1.4 -2.78 -2.2 -1.6 0.05 1.4
1427 2.8 -1.53 -1.59 -2.29 -1.05 -1.01 0.07
1428 -3.11 0.27 -1.84 0.45 -2.31 0.34 -1.36
1429 -0.51 0.7 1.43 1.43 -0.46 0.98 1.59
1430 -1.53 1.13 2.2 1.53 -1.58 0.32 -0.37
1431 1.3 -1.62 -0.43 -1.7 -1.96 -0.66 -0.44
1432 -1.73 1.25 0.86 1.16 1.67 -0.77 0.71
1433 -2.2 1.42 -1.97 -1.3 2.34 1.76 2.43
1434 2.84 0.7 1.83 -1.35 3.09 -1.79 -0.67
1435 -1.86 -0.27 1.08 -1.95 -0.9 -1.04 -0.2
1436 1.25 0.76 -1.52 1.07 -2.16 1.25 0.34
1437 -1.98 -1.1 2.13 1.65 2.98 0.8 2.0
1438 2.78 1.49 -2.5 -0.95 -1.11 -0.2 0.64
1439 1.74 -1.65 -1.16 1.77 2.48 0.81 1.3
1440 -0.98 0.7 2.6 -1.61 1.1 -0.47 -1.07
1441 1.56 -1.51 1.55 1.73 1.53 0.23 0.87
1442 2.99 0.45 -2.26 1.66 -2.21 -1.73 -1.54
1443 3.08 1.61 2.85 0.45 -1.32 1.32 1.26
1444 1.53 0.82 1.91 -0.63 -1.16 -1.82 -0.61
1445 2.85 -0.36 -1.79 0.92 2.83 1.28 1.43
1446 2.18 1.3 2.12 1.98 1.04 1.74 -2.6
1447 -1.85 -0.59 -0.08 -2.36 1.24 0.96 1.66
1448 -0.95 0.21 1.34 -1.8 -0.2 -0.36 2.28
1449 1.25 -0.01 -0.78 -1.28 2.67 0.12 -2.35
1450 1.33 1.06 0.87 1.14 -1.75 -0.11 1.95
1451 -0.66 1.12 -0.65 -0.05 0.21 1.15 1.85
1452 2.24 -1.32 -2.48 -1.68 0.5 0.41 -1.88
1453 -1.3 0.51 1.5 -0.33 -0.47 1.55 -2.87
1454 -0.83 0.86 2.31 0.03 -1.52 -0.4 -3.07
1455 0.35 -0.78 1.94 -2.18 1.33 1.47 -2.15
1456 -1.28 0.68 0.35 -0.8 -2.95 1.79 -2.23
1457 1.73 0.73 -1.09 1.51 1.39 -0.88 2.85
1458 -1.89 -1.02 2.86 0.12 0.87 0.51 -0.3
1459 2.22 1.41 -1.74 -1.86 1.71 -1.37 2.99
1460 3.0 -1.25 1.23 -0.43 2.34 0.62 2.14
1461 1.69 -0.02 1.4 -0.68 1.47 1.58 2.47
1462 1.84 0.35 0.83 1.17 -1.43 -0.03 2.68
1463 -2.6 1.42 1.61 -0.4 1.29 -1.87 -1.65
1464 0.97 -0.87 2.57 -1.42 2.32 1.21 1.55
1465 -1.97 1.74 -1.8 1.49 -1.57 -1.19 -0.11
1466 1.41 -0.69 2.24 2.1 0.45 1.65 2.41
1467 1.86 0.65 -1.23 -2.35 1.22 0.62 -0.45
1468 2.12 -1.86 -2.22 0.85 2.71 0.24 2.01
1469 2.31 -1.22 -2.66 -1.56 -0.56 -0.06 0.63
1470 2.02 -0.04 -2.49 0.55 -1.74 -0.65 -2.72
1471 2.19 0.42 -2.64 -1.88 -3.12 -0.38 -3.11
1472 -2.93 1.72 1.24 -1.72 -2.05 1.55 1.25
1473 -2.25 0.81 -0.14 -0.41 -0.59 1.51 0.53
1474 -0.85 1.28 -0.07 0.32 -0.76 1.82 2.71
1475 2.93 -1.86 -2.17 2.32 1.07 -1.17 1.74
1476 2.33 0.12 -0.32 1.11 0.44 -0.49 1.98
1477 0.44 1.7 0.48 -1.18 -1.99 -1.54 -1.35
1478 -1.73 1.74 -2.78 1.69 -2.32 -0.23 -1.38
1479 0.29 0.93 -2.42 1.7 -1.55 -1.41 2.17
1480 2.92 -0.82 -0.58 0.94 0.34 -1.56 0.8
1481 -2.19 -0.93 0.79 1.33 0.35 1.33 -0.57
1482 2.5 -0.43 2.31 1.98 -1.93 -1.16 -0.83
1483 2.0 -0.49 -0.29 -1.0 -0.38 -0.07 1.36
1484 -2.05 -1.46 -1.78 1.04 2.85 -1.75 -0.46
1485 -0.14 -1.52 -1.69 0.08 1.69 -0.97 -2.84
1486 1.59 -1.23 0.3 0.04 -1.99 0.54 -1.77
1487 -2.19 0.75 -2.04 0.07 -2.1 -0.08 2.57
1488 -0.29 0.95 -0.79 -0.14 -1.53 -0.76 -2.01
1489 -1.98 -0.51 1.59 -0.17 2.61 0.68 2.46
1490 1.93 -0.32 0.16 -0.08 0.77 -1.61 -1.92
1491 0.73 1.3 2.03 -2.17 1.66 -0.05 0.02
1492 -0.14 -0.96 1.09 -1.8 1.4 -0.89 -1.56
1493 -2.92 0.43 -1.16 0.19 -1.99 1.08 -1.34
1494 1.99 -0.05 -0.1 -1.02 3.01 -0.58 2.03
1495 1.7 -0.08 -2.83 -0.87 2.36 1.06 0.58
1496 -2.03 -0.3 0.58 1.22 -1.31 1.72 2.46
1497 3.1 -1.31 -1.55 0.06 1.95 0.07 1.28
1498 0.61 1.2 -0.41 -1.0 -1.58 1.38 1.22
1499 3.04 -0.57 -1.64 -0.92 2.05 -0.95 -1.86
1500 1.46 0.48 2.12 1.99 -1.66 -0.6 1.81
1501 -0.71 0.63 0.55 0.73 0.48 1.29 0.27
1502 -2.78 -0.42 -2.0 0.3 -2.47 -1.03 -2.53
1503 1.35 1.02 -0.43 1.73 -1.78 1.53 -0.5
1504 -2.35 -1.0 1.03 0.74 2.07 -1.64 -0.59
1505 -1.52 -0.95 1.93 -0.11 -2.42 -1.15 3.13
1506 2.23 0.42 2.62 0.22 1.09 -0.44 2.57
1507 -2.76 -0.31 -0.27 1.46 1.3 0.85 -2.97
1508 -1.57 1.63 -1.97 2.23 -1.33 0.01 -0.48
1509 1.62 0.48 -1.96 2.31 0.64 0.59 -1.8
1510 -0.06 -0.63 -2.17 1.38 3.11 -1.48 2.99
1511 2.35 1.74 0.0 -0.2 -1.59 1.49 1.55
1512 -3.09 -0.22 1.15 -0.68 1.73 -0.93 2.01
1513 -2.12 0.58 -1.85 0.53 2.44 -1.49 1.14
1514 0.13 -1.51 1.06 -1.86 -0.72 -1.1 2.27
1515 0.61 0.35 2.17 1.09 1.64 -0.67 -0.3
1516 1.72 -1.56 -0.22 1.59 0.01 -0.56 -0.36
1517 2.79 -1.32 -2.66 -0.37 -0.32 0.5 2.58
1518 0.45 -0.28 1.73 0.55 2.19 -0.88 0.62
1519 3.07 0.96 -1.67 -0.5 2.08 0.07 -2.51
1520 -1.81 1.66 2.5 -0.76 2.38 1.16 2.62
1521 -2.69 1.55 -2.49 0.27 2.58 1.73 -2.62
1522 0.38 0.56 -2.63 1.26 -0.65 1.77 0.49
1523 -1.7 -0.39 -1.69 0.77 -0.24 -1.72 2.57
1524 -1.31 0.87 0.41 -1.13 -1.76 0.43 -0.38
1525 1.05 1.43 2.18 -0.43 1.73 -1.58 -2.2
1526 1.41 -0.57 1.26 -1.64 0.47 0.33 0.47
1527 2.44 -1.17 -2.45 -0.49 -1.64 -0.14 1.26
1528 1.35 -0.74 2.81 -1.39 2.75 1.41 -1.26
1529 -0.28 0.64 1.86 -0.38 -0.07 1.07 0.76
1530 0.92 -1.45 2.16 -0.77 -1.66 -0.04 0.78
1531 -2.66 -1.63 -2.24 1.19 2.94 -1.84 0.62
1532 -1.93 -1.78 2.57 0.7 0.54 1.3 -2.55
1533 1.96 -0.2 1.95 0.13 1.13 1.22 2.89
1534 -2.57 -0.96 1.23 -1.5 0.71 -1.41 2.17
1535 2.07 0.21 -0.14 1.55 -1.18 1.7 -3.11
1536 1.21 0.65 -2.27 -1.12 2.35 -1.16 1.96
1537 -0.4 0.88 -0.62 -2.04 2.67 -0.24 1.83
1538 -2.62 -0.07 2.21 -0.29 -3.08 1.42 2.97
1539 0.55 0.12 1.51 1.74 -0.58 1.83 3.12
1540 1.72 -1.15 -2.42 0.5 3.06 1.37 -1.43
1541 -0.17 1.24 -1.17 0.21 -2.2 0.74 0.76
1542 -1.21 1.2 0.69 -1.62 -1.33 -0.85 -1.39
1543 0.49 -0.09 1.8 -1.92 -0.71 1.09 -3.12
1544 2.5 1.84 2.05 -2.05 0.94 -1.31 2.72
1545 2.65 0.67 -1.89 -2.0 1.28 1.52 2.74
1546 1.21 1.35 -1.86 -1.65 0.65 0.72 -0.4
1547 0.74 -0.12 2.58 -0.35 1.66 -0.93 -0.49
1548 -1.87 0.36 -0.91 -1.55 1.25 0.88 -1.58
1549 2.04 -0.94 1.23 1.72 0.98 1.8 0.55
1550 1.73 1.02 0.91 -0.71 -0.58 1.4 -1.62
1551 2.12 1.01 -1.17 -0.8 0.16 0.35 0.76
1552 -1.14 1.22 1.1 0.2 0.51 -0.83 -0.78
1553 0.55 0.59 -1.15 1.96 3.09 0.66 -0.34
1554 0.05 -1.08 -0.86 0.56 0.05 -1.11 2.5
1555 2.84 -0.06 0.21 -1.19 -1.43 -1.65 1.89
1556 -1.81 -1.32 -1.08 -0.13 -2.77 0.74 -1.28
1557 2.22 0.61 -1.98 -0.86 -2.31 0.41 -2.22
1558 0.43 -0.57 2.63 1.96 -0.62 1.46 1.36
1559 0.64 0.37 -1.32 1.96 -1.58 -0.27 1.15
1560 2.04 -1.29 1.77 -1.06 -0.58 0.59 -0.48
1561 -0.18 0.65 -2.73 0.77 -0.45 0.95 -0.01
1562 3.09 -0.31 -0.81 -1.81 2.13 0.62 1.94
1563 2.07 1.29 -1.87 -0.81 -2.17 -0.23 0.89
1564 -2.58 -0.9 0.4 0.98 -2.47 1.25 2.71
1565 2.98 -0.65 -1.63 0.71 2.74 -1.73 1.11
1566 -1.78 -1.42 2.36 -1.17 -2.23 1.05 -1.01
1567 1.57 -1.42 0.59 -0.32 -0.36 -0.84 2.22
1568 1.4 0.66 -1.09 0.26 1.35 -0.37 2.24
1569 1.85 1.3 0.66 -1.51 -2.85 -1.2 -0.01
1570 -2.93 1.36 -2.15 1.85 0.54 -0.6 2.86
1571 -1.73 1.66 -1.4 -1.42 -1.7 1.02 -0.87
1572 0.19 1.52 -2.81 0.17 -2.79 0.39 1.93
1573 -1.48 -1.54 -1.22 1.96 1.35 -0.42 2.13
1574 -2.53 -1.54 2.89 2.32 0.24 0.97 2.85
1575 -1.39 -1.39 -1.14 -0.17 2.35 -0.27 0.31
1576 -1.08 -0.36 -2.28 -2.01 -2.72 0.45 0.97
1577 0.17 1.63 2.4 -1.51 0.94 1.44 -0.07
1578 2.87 -0.41 -1.39 0.57 -0.62 -1.6 2.88
1579 -1.4 -0.2 -0.43 0.89 2.48 -0.52 -0.2
1580 1.8 1.41 0.22 2.09 -1.64 0.94 -2.63
1581 2.81 1.09 2.03 0.8 2.51 0.06 0.23
1582 -2.72 -0.54 -1.61 0.06 -0.85 1.18 -2.02
1583 -0.28 -1.55 -1.15 -1.62 1.96 -1.45 2.49
1584 0.12 1.46 2.34 -1.8 -2.65 1.55 -2.26
1585 2.41 0.92 -0.01 -0.35 1.93 -1.32 -0.83
1586 0.6 -0.25 1.83 0.45 1.91 1.45 2.22
1587 -2.76 1.73 -0.31 1.23 -1.45 -1.32 -0.88
1588 -2.63 -1.35 -2.67 1.39 -1.11 -0.69 -0.2
1589 0.9 -1.65 -1.93 1.66 -2.42 -0.21 -0.67
1590 0.24 1.85 -1.7 -1.81 -1.52 -1.27 -1.17
1591 -2.49 -1.81 0.22 0.51 -1.51 -1.88 -1.68
1592 -1.73 1.0 2.67 0.29 -1.83 1.12 -1.11
1593 1.5 -0.51 0.25 0.94 0.03 -0.23 2.01
1594 -2.17 0.27 2.38 1.3 0.9 1.56 -0.22
1595 2.21 -1.8 0.75 -1.16 -1.34 1.49 -2.26
1596 -0.12 1.65 -0.46 1.39 -1.24 -0.22 -2.07
1597 0.61 1.28 -2.45 0.74 -1.84 -0.87 -0.5
1598 -0.94 0.96 -0.16 -0.24 0.14 1.47 2.42
1599 -0.25 -0.87 2.66 -1.88 0.11 1.77 2.56
1600 -0.25 0.95 2.44 1.97 -0.75 1.33 -0.5
1601 -1.99 -0.92 2.9 0.23 -1.44 0.88 2.72
1602 2.65 -1.18 -0.76 -0.21 2.34 0.31 -1.78
1603 -2.62 1.69 1.0 1.62 3.13 -0.27 -2.79
1604 -0.17 -1.8 -0.72 -0.3 0.67 -0.32 0.6
1605 -2.61 -1.19 2.23 1.5 -2.89 1.37 2.18
1606 1.9 -0.02 1.51 -0.27 2.46 0.55 0.9
1607 -0.4 -0.83 1.31 0.18 -0.33 -0.48 0.48
1608 0.16 0.77 0.55 -1.14 2.88 -0.26 -1.18
1609 -0.31 -0.66 1.34 -1.22 -1.57 -1.32 0.86
1610 1.83 0.51 -0.69 0.34 -1.07 -0.59 0.44
1611 -2.27 -1.74 -0.58 0.76 -2.79 0.23 0.17
1612 0.7 -1.26 0.12 -0.41 2.17 1.04 2.86
1613 0.47 -0.99 2.69 -2.06 0.15 1.23 2.88
1614 0.45 0.77 -1.47 1.23 0.04 0.44 -0.42
1615 -2.12 0.04 1.35 -1.2 1.31 1.53 -0.11
1616 -1.88 1.35 0.4 0.08 -3.07 -1.22 1.84
1617 1.94 0.8 0.05 1.03 -3.01 -0.97 -2.82
1618 1.54 0.9 -0.5 -0.72 2.96 0.67 2.16
1619 -1.19 -0.04 1.02 1.36 -2.31 -0.06 0.59
1620 0.67 1.09 -2.25 1.62 2.16 0.96 -0.93
1621 1.81 1.63 -0.33 1.31 1.87 0.02 -0.59
1622 2.34 1.39 0.53 -0.15 0.69 -0.91 -0.77
1623 2.21 -0.63 -2.31 -2.19 3.05 0.43 -0.55
1624 -2.76 -0.35 0.97 -0.84 -0.28 1.15 -2.67
1625 -1.91 1.64 0.85 2.14 2.93 -1.04 2.77
1626 2.34 1.03 0.46 0.06 1.62 1.52 0.4
1627 -2.99 -0.84 2.9 -0.3 2.19 0.47 0.09
1628 -1.99 1.62 -2.58 -0.43 -0.76 -0.5 -2.0
1629 -2.4 1.74 2.52 -1.84 -2.53 -0.7 0.65
1630 1.98 -0.23 -0.67 -0.51 0.14 -1.68 -1.55
1631 -2.71 1.22 -1.27 -0.44 3.12 0.55 2.88
1632 1.07 -1.02 2.77 -2.14 1.43 0.75 -2.32
1633 -1.11 1.34 0.03 -2.02 -2.27 1.59 -1.25
1634 2.15 -0.08 1.8 -2.31 -2.86 -0.56 -0.23
1635 -0.29 1.87 0.42 1.37 2.65 0.63 2.76
1636 2.13 0.22 -1.25 -2.0 2.19 1.6 -0.44
1637 -1.67 -1.0 -0.35 -0.75 0.14 1.57 2.9
1638 1.52 0.55 2.55 -1.44 1.69 -0.73 3.05
1639 2.76 1.8 -0.9 0.35 -0.52 0.13 2.85
1640 -1.05 -0.06 -2.91 1.13 1.56 0.56 -2.75
1641 -2.54 0.09 2.72 0.98 -0.18 -1.65 3.05
1642 2.51 -1.84 1.96 -0.3 2.98 0.52 -1.02
1643 2.54 -0.45 -0.55 2.32 -2.25 1.9 -2.7
1644 -2.7 -0.92 1.7 0.62 -0.65 -1.07 -3.02
1645 0.34 0.21 0.07 1.19 -1.26 1.72 -1.0
1646 0.11 -1.08 -0.58 -2.17 2.33 0.63 -2.51
1647 2.28 0.96 -1.69 1.62 -1.35 0.97 -2.01
1648 0.57 -1.59 1.07 1.75 1.49 -1.88 -0.81
1649 -0.4 -1.61 0.14 -1.32 -1.86 -1.04 -0.21
1650 1.28 -1.12 1.5 0.38 -2.47 -0.57 -2.8
1651 -0.3 -0.14 -0.87 -2.36 0.01 1.66 1.94
1652 -0.58 -0.39 -0.82 -2.33 -1.55 -1.19 1.51
1653 -3.05 0.7 2.36 -0.95 1.68 -0.01 -2.31
1654 1.37 0.7 1.37 -1.67 2.12 -1.21 0.76
1655 1.44 -1.47 -2.4 0.38 -0.55 -0.37 3.01
1656 -0.48 -0.91 1.47 1.53 2.38 0.71 -1.45
1657 0.64 -1.02 -0.02 1.41 1.76 0.54 -2.5
1658 -1.13 -1.3 -2.24 1.58 2.53 -0.55 -2.55
1659 -1.4 -1.61 -0.72 -1.51 -3.1 1.29 3.08
1660 -1.5 -0.57 -0.39 0.36 -0.47 -0.35 2.85
1661 -3.01 -1.86 -0.83 0.17 1.74 -0.04 0.54
1662 1.72 -0.57 1.59 2.06 -0.26 0.09 -1.14
1663 1.1 -1.08 -1.04 1.05 0.2 -1.61 3.07
1664 -0.56 -0.55 -1.28 -0.64 2.88 -1.56 1.62
1665 -1.71 -1.78 1.21 -1.55 -2.75 -1.37 0.35
1666 -2.78 -0.7 1.53 -0.73 0.68 0.91 -3.1
1667 -2.72 -1.28 -1.67 -2.33 2.62 -0.57 0.32
1668 0.6 1.11 -2.35 -0.59 1.27 -0.84 1.49
1669 2.17 1.37 2.15 0.88 2.13 0.49 -1.62
1670 0.1 0.26 -2.56 -1.3 2.58 0.03 -0.67
1671 -1.21 0.44 1.81 2.21 -2.71 -1.69 2.98
1672 -2.84 1.8 1.54 -2.24 2.05 -0.68 -2.99
1673 -2.33 -0.85 1.9 -0.33 -0.02 1.15 -0.69
1674 2.7 -1.19 -0.71 0.24 -1.12 0.5 -2.69
1675 -2.09 -0.67 2.51 0.72 -1.77 -1.01 -2.5
1676 -1.94 -0.59 -1.84 -1.06 2.01 1.18 -0.06
1677 -2.55 -0.87 2.43 -0.8 2.41 -1.24 -1.93
1678 -1.67 0.65 1.34 -1.19 1.25 0.91 -1.69
1679 1.85 1.3 -2.89 -1.47 0.07 -1.37 -2.51
1680 -0.75 1.7 -2.72 0.47 2.24 1.81 -1.91
1681 1.94 0.42 2.56 -1.61 1.53 -0.39 -1.8
1682 -2.14 0.44 -1.2 1.9 1.3 0.41 -1.83
1683 -2.12 -0.85 -0.81 0.96 1.47 1.35 -1.42
1684 -0.47 -0.43 2.03 -1.34 -2.48 -0.68 -2.95
1685 1.32 1.24 2.45 -1.88 -1.26 0.5 -0.8
1686 2.13 -0.52 -1.08 0.94 -1.92 -0.8 1.45
1687 1.06 0.93 1.7 -0.12 2.71 -1.64 -1.5
1688 3.08 0.34 -0.33 1.36 -2.03 -0.82 -1.27
1689 -0.96 1.5 1.21 0.81 1.77 -1.68 2.34
1690 2.18 -1.59 1.55 1.88 0.96 0.17 -1.59
1691 1.28 1.38 0.12 0.94 1.12 1.36 -1.43
1692 -3.08 -0.07 -1.68 0.01 0.18 -1.21 0.11
1693 2.85 -0.01 2.61 -0.28 0.26 1.0 -1.44
1694 -2.99 -0.3 -1.58 1.19 -2.21 -0.65 1.43
1695 -3.06 0.18 2.91 -2.06 -0.85 -0.53 -1.51
1696 -0.84 -0.43 2.78 2.33 -0.3 1.28 1.05
1697 -0.28 0.35 -0.06 -1.28 -2.49 1.26 0.57
1698 -2.98 -0.63 -0.27 -0.88 1.22 1.64 -0.66
1699 1.29 1.11 0.69 2.33 -1.89 1.13 2.05
1700 -1.61 0.07 1.16 1.89 -0.42 0.58 -1.24
1701 -0.6 0.44 0.33 0.3 -2.78 1.61 1.81
1702 -2.87 -1.08 0.58 -1.87 0.89 0.58 1.5
1703 2.53 -1.67 2.06 -0.11 1.73 1.27 -3.1
1704 1.3 -0.18 2.38 0.77 -2.48 1.79 -2.07
1705 -1.67 1.51 -2.66 -1.22 -1.07 -1.67 -0.11
1706 -0.13 -0.48 2.15 2.06 0.51 -1.29 0.5
1707 0.89 0.17 2.22 1.78 2.44 1.9 -3.1
1708 -0.73 0.17 -1.9 -0.31 1.93 -1.07 -0.26
1709 -2.27 -0.34 -1.25 2.13 0.42 1.69 -0.68
1710 2.26 -0.79 -1.59 -1.48 -3.08 0.92 -1.67
1711 -2.11 -0.55 1.26 0.57 -1.61 1.26 2.18
1712 2.64 -1.07 1.89 1.28 2.66 1.51 1.42
1713 -0.3 1.26 -1.17 -1.45 0.91 0.33 2.35
1714 -2.94 1.78 -0.9 -0.06 -1.83 0.73 -2.52
1715 3.12 1.56 2.67 -1.71 -0.02 1.74 -0.29
1716 0.71 1.35 1.57 0.08 1.47 -1.11 -3.08
1717 1.45 -0.21 -1.49 -1.04 1.41 -1.57 1.05
1718 2.09 -0.19 -2.33 -0.75 1.8 -1.33 -3.04
1719 -1.67 0.23 -0.11 -0.19 -2.92 1.16 2.27
1720 0.53 -1.32 2.68 0.14 -2.74 1.75 2.74
1721 -2.55 -1.76 2.88 -1.7 -2.87 -0.19 0.56
1722 2.8 -1.38 -1.72 0.05 0.42 -1.82 2.36
1723 -3.1 0.11 -2.91 -1.44 -1.89 1.32 1.59
1724 -0.37 1.2 -1.0 -0.75 0.21 -0.15 -0.03
1725 1.17 0.54 -0.12 -1.31 0.22 -1.05 -1.23
1726 2.88 1.36 1.87 0.35 2.56 0.92 1.21
1727 0.45 -0.43 1.66 -1.45 -1.13 1.17 -0.8
1728 1.04 -1.78 -2.64 -0.82 0.59 1.37 2.64
1729 1.92 0.32 -1.46 2.16 3.01 1.82 -2.7
1730 1.96 -1.34 -0.99 1.03 -2.61 1.2 1.58
1731 2.04 1.39 -2.65 -0.69 -0.71 0.64 -2.79
1732 -0.84 -0.29 2.89 2.1 2.74 -1.26 -0.81
1733 -1.85 -1.65 0.99 -1.73 0.03 -1.37 0.88
1734 -2.83 -0.17 1.89 1.45 -0.93 0.31 -2.4
1735 -2.25 1.83 2.86 -0.72 -1.82 -0.57 0.79
1736 -1.24 -0.2 2.15 0.11 1.05 -0.37 -0.23
1737 2.94 1.41 -1.8 1.49 -2.47 -1.33 0.86
1738 -1.64 1.39 -1.98 -1.21 -0.28 -1.8 0.24
1739 0.36 0.79 -2.29 0.1 3.0 0.26 -1.32
1740 0.43 -1.56 0.36 0.27 -1.99 -1.33 2.4
1741 0.85 -1.59 -1.63 -0.57 -2.44 0.02 -2.29
1742 2.25 1.42 -1.92 0.31 1.92 -0.5 -0.04
1743 -1.71 -0.89 -0.64 -1.53 0.72 -1.45 -2.48
1744 2.65 -0.92 1.44 2.12 0.24 -1.06 -2.23
1745 2.7 1.46 1.9 -1.74 2.96 0.5 -2.45
1746 0.68 1.65 1.48 0.41 2.13 -0.23 2.43
1747 0.75 0.32 0.5 1.38 1.79 1.35 -2.52
1748 3.08 1.84 2.67 -0.51 -1.46 -1.09 1.56
1749 -1.82 -0.62 -0.31 -2.21 -0.33 -0.83 -2.26
1750 1.42 0.32 1.75 -0.06 -2.09 0.59 1.68
1751 1.43 -0.57 -2.39 0.5 -1.75 -1.78 2.4
1752 -1.51 -0.58 -0.49 2.19 -2.4 -1.3 0.27
1753 2.92 0.56 0.23 -0.43 0.32 -0.72 0.66
1754 2.9 -0.86 -2.91 1.23 0.93 -1.04 1.18
1755 0.13 1.16 0.88 1.11 -0.21 -1.26 -1.15
1756 -0.77 -0.39 0.78 -0.33 1.52 1.53 -2.72
1757 3.12 -0.75 -1.68 2.17 2.69 1.23 -1.89
1758 0.01 -1.35 1.55 -0.92 0.74 -0.62 1.4
1759 2.09 1.52 -0.22 2.24 -1.02 -1.69 -2.31
1760 1.58 0.32 -1.75 2.33 1.36 -1.82 0.24
1761 0.4 0.35 -0.25 1.17 -1.51 1.78 0.87
1762 -1.17 -0.2 -2.68 -0.6 1.24 -1.46 3.08
1763 -2.32 -1.13 -1.91 2.36 2.82 -0.06 0.87
1764 0.69 0.67 -1.18 -1.16 -3.01 -1.62 -0.54
1765 1.91 -1.03 2.93 -1.46 0.39 0.84 0.12
1766 2.77 0.81 -2.07 2.27 -1.35 -0.64 0.09
1767 2.31 -1.65 -0.09 0.7 -1.65 -1.27 2.95
1768 2.16 1.51 -2.52 -0.55 -0.33 1.09 2.54
1769 2.64 -0.42 2.23 2.32 0.32 -0.1 2.71
1770 2.36 1.05 1.74 2.09 -1.93 -1.78 0.74
1771 -2.9 0.57 0.67 -0.42 -1.6 1.75 1.57
1772 -0.68 -0.92 -1.59 2.35 -2.61 -1.49 1.69
1773 1.64 -1.46 2.53 0.62 1.76 0.53 0.62
1774 2.17 1.03 -1.92 -0.61 0.37 0.6 -2.42
1775 -2.61 0.14 -0.84 0.5 -2.43 -1.4 -2.35
1776 1.5 -0.38 -2.52 -0.29 2.07 0.9 -2.9
1777 -0.27 1.64 0.04 2.01 2.51 -1.79 -2.15
1778 -0.51 1.62 -0.29 1.89 -2.52 -0.54 -1.0
1779 0.64 1.09 0.86 0.04 2.28 0.45 -1.93
1780 -2.57 0.39 -1.85 -2.36 0.3 1.86 -0.74
1781 1.77 0.86 -2.04 -0.01 -0.23 0.39 -2.1
1782 -2.76 0.08 2.42 -1.34 3.08 -0.77 0.36
1783 0.42 -0.74 1.54 -0.97 0.63 -0.79 2.57
1784 -0.56 0.91 1.96 1.97 -1.82 0.38 1.49
1785 -0.94 1.5 -2.8 0.69 -0.18 -0.9 0.52
1786 -3.13 0.66 0.52 -0.98 -0.28 0.55 -2.93
1787 -1.28 -0.72 -1.22 0.88 2.7 0.64 0.35
1788 -2.67 1.68 -0.16 0.96 2.47 -0.54 -2.44
1789 1.6 -1.49 1.29 -0.25 -1.37 0.52 -1.31
1790 -0.8 0.59 -0.74 -0.32 -0.79 1.67 -0.89
1791 2.74 -0.55 1.34 -1.8 2.52 -1.09 0.57
1792 -2.91 -0.02 -2.59 2.06 -1.02 1.22 2.57
1793 -2.18 -0.79 2.81 -1.98 1.71 0.38 -1.54
1794 -1.15 -1.67 0.72 -2.03 -0.2 0.23 2.5
1795 -1.91 -0.45 1.65 1.24 2.93 -0.63 -0.03
1796 2.02 1.3 -2.59 -0.04 0.38 0.2 1.4
1797 -1.29 -0.57 -0.62 0.36 -1.62 -1.32 -1.94
1798 2.45 0.34 -0.42 -0.65 1.56 1.29 1.77
1799 0.95 -1.58 -1.95 -1.24 -0.22 0.6 1.76
1800 2.11 0.8 -2.66 0.27 1.99 -1.56 -2.97
1801 1.26 1.08 -0.21 -0.04 3.11 -1.87 1.29
1802 -3.03 -0.42 0.5 -0.43 2.45 1.54 -0.26
1803 0.06 -1.86 1.37 -0.57 -1.93 -0.72 -2.42
1804 2.83 0.35 1.87 -1.68 -0.39 -1.73 -2.36
1805 2.3 -1.36 0.64 0.65 0.09 0.03 2.72
1806 0.97 -1.35 0.63 1.76 -2.3 1.39 2.25
1807 1.36 -0.55 0.64 1.15 -1.49 -0.05 -0.33
1808 -2.83 -0.87 -2.84 -1.53 0.26 0.29 -2.44
1809 -1.8 0.02 1.64 0.1 0.69 0.45 -0.16
1810 -0.58 -0.36 -2.24 -1.2 0.37 -0.18 1.84
1811 -1.72 0.39 -1.0 0.29 2.32 0.7 -2.17
1812 -0.21 1.59 -0.93 -1.11 0.05 0.27 -3.07
1813 -1.59 0.43 0.44 -1.32 -1.08 -1.7 -1.38
1814 -2.13 1.35 -1.95 -2.33 -0.95 -0.9 1.66
1815 -2.32 1.42 2.44 -0.47 -1.03 -1.55 -0.33
1816 2.21 -0.68 0.29 -0.27 1.5 -0.92 0.08
1817 2.3 -1.65 2.2 0.15 1.0 1.09 2.91
1818 2.92 -0.15 2.53 1.07 -2.42 1.32 -2.73
1819 2.45 -0.62 -2.14 1.86 -1.66 0.98 -2.94
1820 -1.05 -0.07 0.1 2.2 -0.62 0.1 0.37
1821 -1.52 1.23 -1.0 -0.42 -0.26 -1.09 -1.06
1822 -0.21 0.83 -0.63 -1.41 -2.75 -1.31 -2.33
1823 1.63 1.2 -0.52 -0.35 0.02 -0.91 1.73
1824 0.07 -1.76 -1.52 1.34 -0.16 1.69 -2.02
1825 2.13 1.16 1.68 0.33 2.19 -0.55 -1.11
1826 -1.75 -0.05 1.28 -1.32 1.52 1.45 -1.96
1827 -1.58 0.08 2.92 1.52 0.65 0.43 -1.76
1828 0.34 0.87 0.28 1.6 0.48 1.44 -1.37
1829 2.46 0.09 -1.11 1.51 0.18 -1.39 -0.23
1830 1.08 -0.74 -1.62 0.32 1.12 -0.32 0.47
1831 -0.95 -0.8 -1.0 -1.75 1.69 0.67 -1.69
1832 -1.7 0.77 -0.55 0.68 0.03 -0.99 -0.43
1833 0.37 0.36 -0.22 1.11 2.49 0.81 1.03
1834 -1.49 0.85 0.79 1.23 1.73 1.42 -0.45
1835 3.11 -1.57 0.2 1.21 1.94 0.24 -1.68
1836 1.85 -1.7 -2.67 -0.22 1.99 1.6 0.71
1837 0.32 -0.53 2.13 -1.65 -2.55 0.62 -2.97
1838 -2.88 -1.6 0.76 -1.88 -2.73 0.45 0.6
1839 1.47 0.2 -1.42 -1.68 2.17 -0.04 -1.56
1840 -2.39 0.76 -2.12 0.3 -1.87 -0.44 -3.04
1841 1.57 0.58 -0.32 0.13 -2.21 -1.35 2.16
1842 0.01 -1.03 -2.09 -2.0 -0.44 -1.08 2.44
1843 -0.48 -0.68 0.24 0.92 1.95 0.35 -1.73
1844 2.09 1.34 1.41 0.09 -2.35 -1.47 -1.9
1845 -1.38 -1.34 -1.5 1.86 0.05 1.6 -1.34
1846 1.02 0.8 0.98 1.56 0.3 -0.28 -2.05
1847 2.99 0.8 0.31 -1.15 2.26 1.51 -0.32
1848 -2.75 1.31 -1.74 0.08 -0.73 -0.87 -2.55
1849 0.78 -1.57 0.47 -0.73 2.13 -1.01 -0.71
1850 2.56 0.04 0.37 2.22 0.13 0.61 -0.2
1851 0.76 1.42 2.5 -1.36 -0.7 -1.67 2.57
1852 -2.35 1.0 0.9 0.13 -1.39 -0.16 -0.07
1853 1.01 -0.41 0.28 1.99 -2.04 0.66 -0.96
1854 2.36 -1.3 0.43 -0.89 0.06 0.03 -3.01
1855 -1.28 -0.58 -1.98 1.3 2.35 -0.21 -0.41
1856 -0.6 1.4 0.96 -0.97 1.28 0.5 1.96
1857 -2.71 0.8 1.39 0.94 3.06 1.89 -1.65
1858 1.03 0.14 0.36 0.52 2.53 -1.57 -2.57
1859 -1.35 0.05 -0.14 -0.38 0.44 -0.6 -0.13
1860 2.22 -0.05 2.11 2.22 2.49 -1.27 -0.45
1861 2.05 -1.63 2.09 0.68 1.1 -0.13 1.87
1862 0.15 1.52 1.39 1.17 2.93 1.7 -1.98
1863 -2.54 -1.2 2.52 2.16 0.66 1.67 3.01
1864 1.4 -0.92 0.48 0.63 1.83 -0.55 0.22
1865 -1.53 1.12 -0.34 -0.48 -2.25 0.43 2.99
1866 3.12 1.06 2.24 1.2 0.98 -0.8 0.49
1867 -1.3 -1.38 2.12 -0.43 0.03 0.14 -2.35
1868 -2.6 -0.09 0.92 -0.94 2.22 -1.11 -2.56
1869 0.35 1.19 -0.35 -1.29 -1.53 1.85 -1.54
1870 -1.52 0.09 2.57 0.72 -0.98 0.91 2.53
1871 -2.15 0.91 -1.42 -2.19 1.53 0.72 -0.16
1872 -2.88 -1.02 -1.77 2.14 -1.46 -1.07 -2.54
1873 1.67 -1.0 0.51 1.71 -2.3 1.51 -1.07
1874 -2.03 1.01 -0.21 -2.25 2.17 0.65 1.43
1875 -1.11 1.05 -0.55 -0.93 -1.58 -1.5 0.97
1876 0.13 -0.48 1.51 1.23 -1.75 -1.17 -1.33
1877 -2.32 -1.33 -1.02 -0.77 -2.14 1.88 2.83
1878 0.96 -1.7 -2.68 0.4 1.89 -0.55 -2.1
1879 0.48 1.6 -0.43 0.19 3.09 -1.79 -0.37
1880 -1.79 -1.29 -2.68 0.22 -2.4 1.45 0.6
1881 -1.42 -0.71 -2.79 0.63 0.74 0.97 1.26
1882 0.72 -0.37 2.38 1.62 2.19 -0.26 -1.91
1883 -0.91 -0.41 -1.08 1.57 0.62 0.77 -1.6
1884 -1.54 0.47 -1.6 -1.03 -2.98 0.76 -1.33
1885 -0.15 0.3 -0.49 0.43 1.35 0.67 -1.85
1886 -0.99 -1.0 0.79 2.01 -0.8 1.16 2.02
1887 1.71 1.1 2.64 -0.89 1.56 0.03 -1.37
1888 1.07 -0.85 2.69 2.07 1.13 -0.11 2.15
1889 0.54 -1.81 1.16 -0.69 0.1 0.58 -2.57
1890 -0.13 1.57 1.79 -0.58 2.47 0.97 2.9
1891 -1.94 -0.87 -0.18 -0.93 0.34 -1.52 2.41
1892 1.29 -0.26 -2.31 -0.33 -2.56 0.31 0.53
1893 2.05 -0.49 2.65 1.09 2.24 0.66 1.08
1894 -1.3 -0.56 -1.26 -0.23 -1.02 -1.72 -0.59
1895 -2.83 -1.27 2.67 -0.66 2.79 1.83 1.49
1896 -2.64 1.83 -0.94 -0.76 -2.84 0.52 -2.97
1897 1.54 0.58 -1.44 1.94 -1.81 1.01 -0.77
1898 -3.07 -0.91 0.07 0.14 0.46 0.54 -0.2
1899 -0.56 1.68 1.98 -0.94 -0.69 -0.46 0.83
1900 -0.92 1.34 2.5 0.21 2.53 -0.8 -2.79
1901 0.88 0.87 1.53 0.95 -2.56 -1.03 1.8
1902 3.05 -1.88 2.65 1.28 -1.31 -0.82 -1.06
1903 -1.2 1.24 -1.22 -0.35 1.52 -1.12 -2.64
1904 2.38 -1.23 -1.5 -0.73 -0.77 0.42 1.42
1905 -2.28 -1.78 -0.85 -0.9 1.49 -0.99 0.93
1906 -0.63 -0.22 0.75 0.11 -3.08 -0.21 -0.23
1907 1.5 0.42 -0.94 2.29 -1.78 -1.72 -2.98
1908 -2.5 -1.3 -0.2 -1.42 2.65 -1.0 -2.54
1909 2.0 -0.21 -0.41 -0.34 -2.04 -0.14 -2.68
1910 -1.08 -0.55 -1.33 -2.34 -1.52 -1.55 2.77
1911 2.68 1.68 0.45 -0.91 2.81 0.49 2.39
1912 1.77 -1.01 0.43 -1.95 -1.37 0.26 -1.91
1913 0.11 -0.02 2.29 1.92 -0.78 -0.35 2.12
1914 -1.45 0.48 0.38 -1.36 2.94 -1.05 -2.99
1915 -1.94 1.77 -0.64 -0.47 1.78 -1.79 2.18
1916 1.5 0.38 -2.31 -0.86 -1.54 1.82 -0.23
1917 -2.44 -0.42 -2.59 0.36 0.21 -0.04 -1.29
1918 -2.74 0.59 -1.97 1.41 -2.21 1.84 -0.16
1919 0.76 -0.8 0.26 -0.37 3.09 -0.37 2.68
1920 -2.87 -0.17 -1.04 0.54 -1.49 1.78 0.36
1921 1.77 0.85 -1.89 2.33 -0.6 -0.41 -2.98
1922 0.13 1.11 0.58 0.31 -2.39 -1.04 3.09
1923 -2.53 -0.39 -2.59 -0.52 -0.5 -0.37 2.22
1924 3.04 -0.62 -2.92 -1.27 -0.11 1.64 -2.28
1925 -2.15 0.72 0.26 -1.47 0.49 0.36 0.47
1926 -0.0 -1.23 -2.64 -2.07 -0.4 -1.32 -2.43
1927 -1.18 1.36 -0.15 1.37 -2.46 1.59 0.32
1928 -0.84 1.88 -1.0 -0.63 2.88 0.44 0.35
1929 1.09 1.3 2.32 -1.34 -2.7 -1.52 -1.05
1930 -0.34 -0.9 -2.19 0.94 -0.47 1.4 2.03
1931 2.47 -0.99 1.55 1.19 0.9 0.17 -2.02
1932 -2.28 -1.3 -2.02 2.07 0.57 1.36 -2.35
1933 -0.34 1.2 2.31 -2.13 -1.46 0.2 1.1
1934 -0.81 -0.48 -0.93 1.71 -1.07 -1.74 3.01
1935 -0.8 1.54 -1.21 -1.37 1.41 0.35 -1.77
1936 2.54 -0.64 -2.92 -2.14 1.1 -1.58 -0.05
1937 -2.82 0.62 -2.92 -1.85 1.24 -1.88 -2.88
1938 -0.39 1.42 -0.7 -0.48 -0.08 0.42 0.88
1939 1.95 -1.63 0.33 1.34 -3.08 1.34 3.01
1940 2.96 -1.0 2.24 -0.92 -1.75 1.41 2.56
1941 0.96 0.68 2.88 2.29 1.29 -0.96 -1.6
1942 -0.59 -1.51 1.32 -1.18 -0.11 -0.3 -0.71
1943 2.61 -1.83 0.99 -0.82 1.91 -1.45 2.85
1944 -1.49 -0.99 -1.9 -1.2 -2.65 -0.69 1.05
1945 0.29 -1.1 -2.02 1.95 0.56 -0.61 -0.74
1946 -0.67 1.08 -2.13 -1.73 -2.89 -0.04 1.27
1947 0.15 1.27 2.08 0.06 -1.84 -0.27 2.19
1948 -1.25 -0.07 0.86 -1.08 1.26 0.26 1.43
1949 2.94 1.59 2.09 1.31 -1.14 0.54 2.37
1950 2.2 0.16 0.84 -0.12 -0.54 0.81 1.78
1951 -1.56 -0.72 -1.25 0.92 1.45 0.22 -0.38
1952 2.89 0.78 -2.89 -1.39 -2.08 0.26 -2.95
1953 3.03 -1.88 -1.66 -1.09 -0.7 -0.87 -1.38
1954 0.53 -0.91 -2.71 2.0 -1.44 -0.15 -1.33
1955 1.43 -1.38 -1.6 -0.48 2.49 -0.21 2.94
1956 0.62 -0.04 -0.4 -1.63 -2.23 -1.01 -0.07
1957 -0.94 0.01 2.6 1.13 -1.66 -0.22 -0.53
1958 0.63 -1.03 1.89 1.11 -2.31 -0.9 0.59
1959 -2.85 0.07 2.34 0.07 -3.12 -0.69 -2.56
1960 -1.13 -0.26 -2.14 -0.82 -0.27 0.56 -1.39
1961 2.24 -1.52 2.87 2.19 -1.76 -1.06 1.67
1962 -1.31 0.38 1.45 0.13 -3.09 0.3 -0.76
1963 0.43 -0.17 1.54 0.3 -0.74 -1.61 -3.01
1964 1.3 1.39 0.54 -0.03 -2.6 0.76 -2.93
1965 -0.88 1.3 -2.69 -1.36 -3.03 0.06 -1.3
1966 -2.17 0.27 -0.07 -0.07 0.87 -0.56 0.58
1967 0.27 0.58 1.89 -1.08 -2.39 0.72 0.27
1968 -1.72 -1.29 -0.66 -1.97 -0.5 -1.69 -0.54
1969 0.52 1.51 1.99 -1.72 -2.65 -1.29 -1.34
1970 0.9 1.65 0.47 1.68 -1.16 -1.64 -0.1
1971 -0.68 -0.08 2.61 -0.33 0.13 1.42 1.5
1972 -2.71 -1.56 0.26 1.52 -2.28 -0.52 -1.77
1973 0.67 1.82 -0.3 -0.94 1.96 1.74 -0.63
1974 -0.99 -0.85 0.77 -0.9 -2.86 -0.12 -2.14
1975 -1.71 -1.4 0.15 -2.31 -1.19 0.97 -2.09
1976 0.78 0.65 0.34 0.23 -2.13 -1.88 -2.41
1977 0.75 -1.8 1.24 -1.17 0.31 -1.41 2.95
1978 -2.08 0.56 2.26 -2.25 -1.06 -0.59 2.92
1979 -1.3 0.62 -2.07 1.65 -2.96 -0.88 2.82
1980 -2.36 -1.08 -0.18 -1.01 -1.44 -0.45 -0.41
1981 -1.98 0.31 -2.91 -1.59 2.99 0.18 -3.09
1982 -2.16 0.2 0.22 -1.18 -1.85 1.19 1.42
1983 0.13 0.58 -2.84 1.13 -1.13 0.94 0.69
1984 -1.44 0.22 -1.47 0.73 0.7 -0.94 -0.94
1985 -2.12 -0.88 0.1 -0.33 -1.74 -0.92 2.31
1986 0.86 1.14 1.22 1.61 -1.22 -0.45 -1.67
1987 -1.95 1.6 -1.59 -1.94 3.02 -0.09 -2.29
1988 0.1 0.01 2.27 1.74 -1.58 -0.38 -3.0
1989 -1.46 0.25 0.9 0.91 -1.14 0.28 -0.1
1990 -3.04 0.86 1.5 -1.38 -2.71 -0.98 2.9
1991 -2.57 1.82 2.81 -0.39 -3.03 -1.15 1.79
1992 -3.03 -1.35 1.43 -0.71 0.42 0.54 2.33
1993 -1.15 1.33 1.99 -0.3 -2.98 1.3 -0.51
1994 2.55 -0.41 -0.52 -2.07 0.59 -1.78 0.12
1995 -1.75 -0.16 -2.51 2.2 2.41 0.87 0.69
1996 -2.45 1.38 0.83 -0.96 -0.8 -1.89 3.0
1997 -3.08 1.59 0.45 1.91 -0.13 -0.86 -2.85
1998 2.66 1.46 0.25 1.77 -1.2 0.6 1.02
1999 2.67 -1.54 -1.89 -0.36 -2.77 -0.03 -0.51
