0 6 2.2330
0 3 2.6556
0 14 2.7408
0 17 2.8705
0 8 4.1151
0 5 4.5479
0 15 5.0980
0 10 5.1652
0 13 5.4608
0 9 5.5790
0 2 5.6701
0 16 5.8953
1 8 3.5659
1 13 3.8278
1 18 3.9554
1 15 4.1968
1 4 4.3525
1 16 4.8958
1 10 5.1854
1 19 5.2396
1 9 5.4215
1 11 5.6148
1 2 5.7013
1 5 5.7386
2 11 1.9407
2 10 3.7622
2 15 5.2945
2 18 5.5612
2 17 5.5630
2 8 6.0351
2 4 6.3416
2 6 6.3806
2 14 6.3885
2 9 6.4536
3 17 2.2702
3 14 2.9457
3 8 3.4576
3 6 3.5247
3 5 4.8345
3 13 4.9890
3 10 5.2169
3 16 5.9180
3 9 6.3991
3 2 6.4731
4 13 4.1728
4 19 4.5898
4 5 5.1203
4 10 5.1587
4 15 5.3418
4 18 5.4941
4 8 5.6460
4 16 5.7393
4 11 5.9758
4 14 6.3172
5 14 2.2141
5 13 3.2649
5 6 3.3969
5 16 4.2352
5 8 4.3108
5 15 4.7556
5 9 5.3372
5 17 5.4382
5 19 5.7087
6 14 2.1720
6 17 3.8794
6 8 4.2872
6 16 4.6636
6 13 5.0866
6 9 5.4967
6 15 5.5590
6 10 6.0948
7 18 3.7900
7 12 4.1307
7 10 4.9047
7 0 5.9770
7 11 6.2730
7 14 6.4331
7 15 6.4971
7 9 6.5704
7 5 6.8216
7 3 6.8248
7 2 7.0029
7 8 7.1169
8 13 2.6854
8 15 3.4118
8 17 3.6203
8 14 3.6533
8 16 4.5565
8 18 5.2352
8 10 5.3378
9 16 4.2586
9 18 5.1550
9 19 5.1629
9 14 5.3636
9 8 5.5955
9 10 5.7740
10 11 2.9566
10 18 4.2632
10 12 4.6715
10 17 5.0614
10 15 5.2850
11 18 5.0202
11 17 5.4125
11 15 5.8162
11 0 5.9704
11 12 5.9786
11 8 6.1047
11 13 6.4341
12 18 3.8303
12 0 6.0031
12 13 6.0915
12 14 6.1806
12 1 6.2020
12 8 6.4467
12 4 6.4824
13 14 3.8639
13 15 3.9615
13 16 4.9836
13 17 5.0022
13 18 5.1591
14 17 3.8610
14 15 4.3173
14 16 4.8850
14 10 5.6037
14 18 6.0332
15 19 4.1415
15 18 4.8223
16 19 5.1794
16 15 5.7689
17 15 5.4446
17 1 6.3298
18 5 5.7795
19 13 5.5293
19 8 5.8313
19 14 6.3939
19 10 6.9867
19 18 7.0474
19 2 7.0729
