0 16 2.3758
0 1 2.7415
0 15 2.9874
0 3 3.4970
0 18 3.7073
0 11 4.6128
0 17 4.6956
0 8 4.7378
0 14 4.7497
0 9 4.7627
0 4 5.3029
1 16 3.1016
1 15 3.5295
1 14 3.5485
1 19 3.7065
1 11 5.3027
1 4 5.3061
1 8 5.4763
1 18 5.8094
1 7 6.1536
1 9 6.2445
2 10 3.6476
2 11 4.4976
2 17 6.9501
2 6 7.2293
2 14 7.4461
3 15 2.8271
3 13 4.6038
3 14 4.8889
3 8 4.9458
3 9 5.3054
3 18 5.3543
4 5 3.9743
4 11 4.0240
4 14 4.4190
4 18 5.1733
4 16 5.2403
4 12 5.7263
4 19 5.7852
4 8 6.1452
5 8 5.1807
5 17 5.2027
5 14 5.4176
5 15 5.4438
5 18 5.6453
5 16 5.6488
5 0 5.9250
5 11 6.1047
5 13 6.2438
5 12 6.3644
6 17 3.5056
6 18 5.2680
6 12 5.3682
6 9 5.4390
6 0 5.5357
6 13 6.1415
6 11 6.4092
7 11 5.0464
7 8 5.2402
7 3 5.3840
7 13 5.6478
7 12 5.6965
7 14 6.0752
7 0 6.3000
7 4 6.3444
7 9 6.6782
7 5 6.7736
8 15 4.7053
8 17 5.3147
8 16 6.1820
8 18 6.2689
8 14 6.4489
8 11 6.4942
9 13 3.3100
9 10 4.0636
9 11 4.3400
9 18 4.6678
9 12 4.8762
9 16 5.0472
9 17 5.2007
9 19 6.1007
10 13 3.1426
10 12 4.0146
10 11 4.1438
10 18 5.5810
10 17 5.7280
10 4 6.5981
10 3 6.6113
10 16 6.6633
10 7 6.7794
11 12 3.5850
11 13 3.7319
11 18 3.9149
11 14 4.4127
11 16 5.0996
12 13 3.6992
12 17 3.8943
12 18 3.9366
12 0 5.7599
12 16 5.9211
13 18 4.2432
13 17 4.3246
13 16 5.2780
13 0 5.3398
13 14 5.6906
14 16 4.5428
14 19 4.7413
14 15 5.0018
14 18 5.8072
15 16 2.9475
15 17 5.0430
15 18 5.2319
15 13 6.0078
15 9 6.4442
16 18 4.0238
16 17 4.8134
17 18 4.2787
17 11 5.5689
19 11 6.1946
19 5 6.5137
19 13 6.5357
19 18 6.5747
