1000 1.07352121656 0.783453135354 1.93866921435 1.44317956748 -2.27654907977 1.70961424998 -0.805429077156 
1001 0.0185905065116 1.71188568743 -0.713838008419 -0.689329174662 0.967878886046 1.98483076258 0.680215504731 
1000 775 1.9330
1000 771 2.3854
1000 691 2.4272
1000 737 2.4789
1000 816 2.6022
1000 323 2.6684
1000 31 2.6900
1000 635 2.7089
1000 529 2.7136
1000 792 2.7568
1000 390 2.7897
1000 29 2.7912
1000 339 2.8001
1000 468 2.8064
1000 768 2.8262
1000 355 2.8553
1000 903 2.8819
1000 860 2.9293
1000 503 2.9458
1000 847 3.0138
1000 285 3.0170
1000 407 3.0335
1000 642 3.0507
1000 689 3.0603
1000 535 3.0681
1000 531 3.0848
1000 293 3.1212
1000 913 3.1462
1000 72 3.1623
1000 975 3.1719
1000 533 3.1867
1000 499 3.2250
1000 522 3.2374
1000 954 3.2544
1000 156 3.2882
1000 953 3.3018
1000 116 3.3036
1000 969 3.3241
1000 712 3.3343
1000 174 3.3364
1000 377 3.3577
1000 446 3.3578
1000 849 3.3697
1000 370 3.3833
1000 460 3.3879
1000 420 3.3984
1000 312 3.4001
1000 220 3.4081
1000 874 3.4138
1000 67 3.4147
1000 713 3.4159
1000 107 3.4227
1000 806 3.4325
1001 926 2.1692
1001 398 2.2064
1001 387 2.3134
1001 311 2.4384
1001 277 2.5346
1001 73 2.6030
1001 797 2.6404
1001 272 2.6601
1001 373 2.6910
1001 241 2.8083
1001 187 2.8745
1001 482 2.8750
1001 110 2.8788
1001 590 2.8803
1001 432 2.9110
1001 777 2.9205
1001 761 2.9328
1001 170 2.9413
1001 945 3.0267
1001 879 3.0274
1001 631 3.0282
1001 547 3.0290
1001 467 3.0517
1001 827 3.0737
1001 779 3.0845
1001 309 3.0851
1001 614 3.1349
1001 565 3.1486
1001 961 3.1541
1001 886 3.1620
1001 259 3.1689
1001 367 3.1781
1001 812 3.1807
1001 362 3.2033
1001 644 3.2149
1001 111 3.2202
1001 159 3.2256
1001 872 3.2516
1001 764 3.2637
1001 774 3.2687
1001 345 3.2719
1001 572 3.2921
1001 602 3.2970
1001 997 3.3038
1001 599 3.3041
1001 333 3.3069
1001 403 3.3118
1001 255 3.3149
1001 904 3.3178
1001 479 3.3190
1001 896 3.3284
1001 314 3.3414
1001 582 3.3590
