2000 0.0 0.0 0.0 0.0 0.0 0.0 0.0 
2001 0.965106694353 0.785073102901 -1.32132513398 -1.53856871232 0.873420324511 1.96733364574 -0.802346611163 
2000 139 1.4168
2000 451 1.5403
2000 1859 1.5998
2000 333 1.6326
2000 124 1.7043
2000 1607 1.7796
2000 1724 1.7908
2000 1253 1.7994
2000 1177 1.8184
2000 668 1.8637
2000 1307 1.9128
2000 1501 1.9245
2000 1938 1.9611
2000 1080 2.0584
2000 781 2.0744
2000 1391 2.0938
2000 1346 2.1295
2000 620 2.1446
2000 760 2.1503
2000 1604 2.1883
2000 140 2.1934
2000 870 2.2002
2000 1614 2.2002
2000 727 2.2072
2000 824 2.2184
2000 1291 2.2716
2000 938 2.2763
2000 1989 2.2848
2000 961 2.2868
2000 817 2.2956
2000 1075 2.3017
2000 676 2.3169
2000 1832 2.3267
2000 382 2.3496
2000 164 2.3502
2000 1552 2.3655
2000 468 2.3834
2000 735 2.3974
2000 353 2.3986
2000 581 2.4101
2000 1529 2.4123
2000 1790 2.4173
2000 1610 2.4264
2000 1316 2.4370
2000 1830 2.4533
2000 719 2.4566
2000 1725 2.4607
2000 1191 2.4615
2000 498 2.4647
2000 505 2.4697
2000 907 2.4886
2000 1966 2.4897
2000 52 2.4923
2000 1807 2.4931
2000 1885 2.4963
2000 1755 2.5146
2000 863 2.5198
2000 1942 2.5237
2000 151 2.5280
2001 1546 1.5650
2001 361 1.6661
2001 72 1.7812
2001 1467 1.8829
2001 145 1.9101
2001 706 1.9256
2001 1973 1.9549
2001 1636 1.9733
2001 971 2.0039
2001 424 2.2697
2001 303 2.3441
2001 847 2.3448
2001 11 2.3718
2001 703 2.3751
2001 735 2.4111
2001 1330 2.4594
2001 1156 2.4810
2001 107 2.4954
2001 79 2.5349
2001 34 2.5409
2001 15 2.5571
2001 840 2.5572
2001 620 2.5737
2001 1024 2.5762
2001 1839 2.6290
2001 77 2.6460
2001 41 2.6561
2001 720 2.6629
2001 933 2.6680
2001 1307 2.6719
2001 1329 2.7106
2001 828 2.7142
2001 1774 2.7335
2001 1935 2.7507
2001 339 2.7513
2001 654 2.7594
2001 994 2.7745
2001 1790 2.7999
2001 63 2.8043
2001 1869 2.8075
2001 62 2.8333
2001 1916 2.8394
2001 222 2.8538
2001 1724 2.8635
2001 902 2.8799
2001 681 2.8825
2001 347 2.9034
2001 729 2.9138
2001 761 2.9401
2001 485 2.9455
2001 511 2.9639
2001 1335 2.9766
2001 1781 2.9826
2001 1495 2.9926
2001 738 2.9952
2001 1134 3.0005
2001 1885 3.0088
2001 844 3.0445
2001 1847 3.0458
