2000 1.62738863444 1.00543858489 -0.736565216981 -1.38466958296 -1.32877132285 1.353206941 0.631599851219 
2001 0.00876628195579 1.73799578919 -0.714341670774 -0.65641285445 0.962191126921 1.97415569083 0.679221348543 
2000 1498 1.3182
2000 291 1.6214
2000 617 1.8142
2000 959 1.9571
2000 1092 2.0104
2000 1916 2.0404
2000 851 2.0423
2000 879 2.0664
2000 1137 2.1007
2000 1330 2.1131
2000 303 2.1358
2000 88 2.1512
2000 1003 2.2228
2000 1170 2.3626
2000 1193 2.3670
2000 20 2.4159
2000 172 2.4267
2000 1697 2.4284
2000 696 2.4404
2000 991 2.4680
2000 1483 2.4857
2000 1108 2.5519
2000 1289 2.5539
2000 721 2.5552
2000 394 2.5746
2000 34 2.6001
2000 1869 2.6129
2000 771 2.6282
2000 1546 2.6469
2000 687 2.6572
2000 1004 2.6772
2000 1541 2.6773
2000 59 2.6811
2000 1950 2.7136
2000 1076 2.7207
2000 620 2.7307
2000 1938 2.7484
2000 1436 2.7620
2000 1400 2.7775
2000 1892 2.8138
2000 69 2.8170
2000 1072 2.8270
2000 1346 2.8319
2000 981 2.8358
2000 691 2.8449
2000 80 2.8646
2000 176 2.8661
2000 1047 2.8700
2000 105 2.8799
2000 1312 2.8940
2000 1904 2.8948
2000 976 2.8986
2000 390 2.9402
2000 494 2.9411
2000 72 2.9414
2000 926 2.9436
2000 828 2.9554
2000 1550 2.9681
2000 41 2.9800
2001 902 1.5838
2001 1973 1.8603
2001 1451 1.9537
2001 1938 1.9579
2001 742 2.0575
2001 602 2.0884
2001 451 2.1470
2001 844 2.1721
2001 222 2.3571
2001 840 2.4004
2001 1204 2.4042
2001 303 2.4047
2001 682 2.4143
2001 1598 2.4386
2001 1724 2.4706
2001 1501 2.4765
2001 569 2.5024
2001 312 2.5460
2001 720 2.5523
2001 1139 2.5779
2001 1713 2.5804
2001 333 2.5842
2001 361 2.5863
2001 1546 2.5939
2001 879 2.6073
2001 1928 2.6387
2001 456 2.6922
2001 232 2.6956
2001 1856 2.7021
2001 738 2.7084
2001 1403 2.7696
2001 1790 2.7769
2001 836 2.7771
2001 72 2.8144
2001 857 2.8223
2001 1498 2.8231
2001 527 2.8234
2001 772 2.8349
2001 561 2.8352
2001 1350 2.8386
2001 971 2.8578
2001 1307 2.8796
2001 276 2.9230
2001 706 2.9283
2001 581 2.9480
2001 911 2.9486
2001 896 2.9541
2001 636 2.9549
2001 485 2.9737
2001 1473 3.0001
2001 735 3.0082
2001 1651 3.0238
2001 949 3.0287
2001 1833 3.0342
2001 490 3.0363
2001 124 3.0450
2001 408 3.0529
2001 1235 3.0559
2001 1474 3.0708
