1000 0.0 0.0 0.0 0.0 0.0 0.0 0.0 
1001 1.6747193857 1.04543116705 2.32341558309 1.38425421381 -4.53607616011 1.30740864743 0.621891319295 
1000 496 1.3652
1000 367 1.5574
1000 390 1.8171
1000 119 1.9003
1000 945 1.9538
1000 813 1.9846
1000 858 2.0007
1000 144 2.0088
1000 926 2.0192
1000 582 2.0268
1000 713 2.0854
1000 808 2.1095
1000 450 2.1232
1000 313 2.1415
1000 31 2.1521
1000 218 2.1664
1000 207 2.1821
1000 161 2.2201
1000 579 2.2462
1000 602 2.3000
1000 984 2.3024
1000 225 2.3205
1000 529 2.3355
1000 504 2.3414
1000 774 2.3456
1000 929 2.3577
1000 737 2.3588
1000 333 2.3605
1000 387 2.3753
1000 223 2.3911
1000 73 2.4046
1000 157 2.4534
1000 11 2.4630
1000 691 2.4663
1000 832 2.4739
1000 604 2.5301
1000 309 2.5415
1000 167 2.5424
1000 657 2.5589
1000 911 2.5748
1000 187 2.6028
1000 879 2.6092
1000 378 2.6157
1000 601 2.6309
1000 418 2.6449
1000 179 2.6707
1000 224 2.6715
1000 170 2.6778
1000 116 2.7033
1000 246 2.7104
1000 869 2.7184
1000 102 2.7308
1000 310 2.7448
1001 339 2.2908
1001 285 2.3641
1001 849 2.4302
1001 355 3.0688
1001 531 3.1015
1001 836 3.1259
1001 847 3.4141
1001 440 3.5652
1001 716 3.5682
1001 736 3.5776
1001 191 3.6124
1001 781 3.6402
1001 29 3.6596
1001 60 3.7330
1001 816 3.7501
1001 765 3.7958
1001 67 3.8402
1001 503 3.8513
1001 768 3.8516
1001 477 3.8704
1001 460 3.8897
1001 907 3.9023
1001 174 3.9033
1001 642 3.9158
1001 792 3.9796
1001 752 4.0264
1001 199 4.0516
1001 874 4.0833
1001 522 4.0849
1001 913 4.1416
1001 468 4.1454
1001 31 4.1505
1001 446 4.1577
1001 84 4.1776
1001 763 4.1809
1001 323 4.2202
1001 343 4.2559
1001 621 4.3183
1001 113 4.3413
1001 947 4.3967
1001 499 4.4042
1001 71 4.4282
1001 231 4.4402
1001 397 4.4556
1001 860 4.4698
1001 728 4.4940
1001 377 4.4973
1001 603 4.5140
1001 691 4.5287
1001 309 4.5328
1001 413 4.5341
1001 293 4.5430
1001 808 4.5622
