1000 0.0 0.0 0.0 0.0 0.0 0.0 0.0 
1001 1.07352121656 0.783453135354 1.93866921435 1.44317956748 -2.27654907977 1.70961424998 -0.805429077156 
1000 496 1.3652
1000 367 1.5574
1000 390 1.8171
1000 119 1.9003
1000 945 1.9538
1000 813 1.9846
1000 858 2.0007
1000 144 2.0088
1000 926 2.0192
1000 582 2.0268
1000 713 2.0854
1000 808 2.1095
1000 450 2.1232
1000 313 2.1415
1000 31 2.1521
1000 218 2.1664
1000 207 2.1821
1000 161 2.2201
1000 579 2.2462
1000 602 2.3000
1000 984 2.3024
1000 225 2.3205
1000 529 2.3355
1000 504 2.3414
1000 774 2.3456
1000 929 2.3577
1000 737 2.3588
1000 333 2.3605
1000 387 2.3753
1000 223 2.3911
1000 73 2.4046
1000 157 2.4534
1000 11 2.4630
1000 691 2.4663
1000 832 2.4739
1000 604 2.5301
1000 309 2.5415
1000 167 2.5424
1000 657 2.5589
1000 911 2.5748
1000 187 2.6028
1000 879 2.6092
1000 378 2.6157
1000 601 2.6309
1000 418 2.6449
1000 179 2.6707
1000 224 2.6715
1000 170 2.6778
1000 116 2.7033
1000 246 2.7104
1000 869 2.7184
1000 102 2.7308
1000 310 2.7448
1001 775 1.9330
1001 771 2.3854
1001 691 2.4272
1001 737 2.4789
1001 816 2.6022
1001 323 2.6684
1001 31 2.6900
1001 635 2.7089
1001 529 2.7136
1001 792 2.7568
1001 390 2.7897
1001 29 2.7912
1001 339 2.8001
1001 468 2.8064
1001 768 2.8262
1001 355 2.8553
1001 903 2.8819
1001 860 2.9293
1001 503 2.9458
1001 847 3.0138
1001 285 3.0170
1001 407 3.0335
1001 642 3.0507
1001 689 3.0603
1001 535 3.0681
1001 531 3.0848
1001 293 3.1212
1001 913 3.1462
1001 72 3.1623
1001 975 3.1719
1001 533 3.1867
1001 499 3.2250
1001 522 3.2374
1001 954 3.2544
1001 156 3.2882
1001 953 3.3018
1001 116 3.3036
1001 969 3.3241
1001 712 3.3343
1001 174 3.3364
1001 377 3.3577
1001 446 3.3578
1001 849 3.3697
1001 370 3.3833
1001 460 3.3879
1001 420 3.3984
1001 312 3.4001
1001 220 3.4081
1001 874 3.4138
1001 67 3.4147
1001 713 3.4159
1001 107 3.4227
1001 806 3.4325
