2000 0.00876628195579 1.73799578919 -0.714341670774 -0.65641285445 0.962191126921 1.97415569083 0.679221348543 
2001 1.06129021853 1.21892394453 -2.23097821395 -1.90391543902 2.17597275478 2.01645059941 -0.479257603714 
2000 902 1.5838
2000 1973 1.8603
2000 1451 1.9537
2000 1938 1.9579
2000 742 2.0575
2000 602 2.0884
2000 451 2.1470
2000 844 2.1721
2000 222 2.3571
2000 840 2.4004
2000 1204 2.4042
2000 303 2.4047
2000 682 2.4143
2000 1598 2.4386
2000 1724 2.4706
2000 1501 2.4765
2000 569 2.5024
2000 312 2.5460
2000 720 2.5523
2000 1139 2.5779
2000 1713 2.5804
2000 333 2.5842
2000 361 2.5863
2000 1546 2.5939
2000 879 2.6073
2000 1928 2.6387
2000 456 2.6922
2000 232 2.6956
2000 1856 2.7021
2000 738 2.7084
2000 1403 2.7696
2000 1790 2.7769
2000 836 2.7771
2000 72 2.8144
2000 857 2.8223
2000 1498 2.8231
2000 527 2.8234
2000 772 2.8349
2000 561 2.8352
2000 1350 2.8386
2000 971 2.8578
2000 1307 2.8796
2000 276 2.9230
2000 706 2.9283
2000 581 2.9480
2000 911 2.9486
2000 896 2.9541
2000 636 2.9549
2000 485 2.9737
2000 1473 3.0001
2000 735 3.0082
2000 1651 3.0238
2000 949 3.0287
2000 1833 3.0342
2000 490 3.0363
2000 124 3.0450
2000 408 3.0529
2000 1235 3.0559
2000 1474 3.0708
2001 1636 1.8129
2001 971 1.9388
2001 72 1.9577
2001 77 2.0157
2001 706 2.0453
2001 1546 2.0633
2001 720 2.1353
2001 1024 2.2061
2001 847 2.2322
2001 1467 2.2422
2001 1973 2.3061
2001 1495 2.3651
2001 424 2.4073
2001 145 2.4230
2001 107 2.5201
2001 1670 2.5421
2001 638 2.6719
2001 1134 2.6829
2001 1839 2.7037
2001 444 2.7082
2001 361 2.7182
2001 902 2.8134
2001 1623 2.8481
2001 840 2.8828
2001 79 2.9478
2001 15 2.9540
2001 312 2.9565
2001 994 2.9670
2001 11 2.9740
2001 347 2.9800
2001 222 3.0064
2001 1739 3.0275
2001 34 3.0963
2001 703 3.1099
2001 1018 3.1445
2001 1935 3.1504
2001 303 3.1577
2001 485 3.2243
2001 203 3.2430
2001 1364 3.2581
2001 735 3.2743
2001 949 3.2805
2001 761 3.2892
2001 1928 3.2952
2001 1235 3.3208
2001 1058 3.3337
2001 276 3.3347
2001 456 3.3382
2001 804 3.3614
2001 1449 3.3735
2001 738 3.3775
2001 1233 3.3830
2001 1680 3.3883
2001 1350 3.3987
2001 368 3.4158
2001 519 3.4162
2001 383 3.4301
2001 105 3.4380
2001 147 3.4537
