5000 0.0 0.0 0.0 0.0 0.0 0.0 0.0 
5001 1.76227354623 1.05473880383 -0.670154501066 -1.47936859672 -1.42549643884 1.51254394967 0.604157576207 
5000 1759 1.3302
5000 31 1.4152
5000 1004 1.4497
5000 3974 1.5743
5000 3783 1.7211
5000 4013 1.7336
5000 3099 1.7793
5000 1309 1.7863
5000 1867 1.8198
5000 134 1.8349
5000 2830 1.8538
5000 3866 1.8653
5000 2318 1.8807
5000 4473 1.8931
5000 3168 1.9068
5000 4917 1.9108
5000 1431 1.9159
5000 284 1.9191
5000 55 1.9236
5000 3206 1.9303
5000 778 1.9518
5000 4544 1.9551
5000 1802 1.9634
5000 1219 1.9693
5000 4317 1.9736
5000 2542 1.9821
5000 891 1.9823
5000 2456 1.9952
5000 3806 1.9960
5000 3384 2.0026
5000 3085 2.0198
5000 3023 2.0222
5000 3647 2.0230
5000 918 2.0358
5000 1208 2.0369
5000 4023 2.0371
5000 1104 2.0448
5000 2638 2.0471
5000 4818 2.0505
5000 1969 2.0684
5000 718 2.0709
5000 3258 2.0724
5000 3502 2.0788
5000 1612 2.0835
5000 1161 2.0954
5000 2571 2.1010
5000 1832 2.1062
5000 769 2.1107
5000 2971 2.1135
5000 3471 2.1164
5000 3972 2.1295
5000 2312 2.1346
5000 3740 2.1520
5000 3248 2.1538
5000 3724 2.1551
5000 2586 2.1591
5000 3567 2.1646
5000 3409 2.1810
5000 2293 2.1824
5000 3555 2.1855
5000 4713 2.1885
5000 533 2.1886
5000 596 2.2110
5000 1625 2.2165
5000 1406 2.2207
5000 1672 2.2217
5001 3092 0.9578
5001 2820 1.6038
5001 1570 1.6681
5001 515 1.7291
5001 2967 1.7636
5001 1083 1.7835
5001 3851 1.7949
5001 2161 1.8253
5001 2846 1.9083
5001 3609 1.9098
5001 2898 1.9340
5001 252 1.9573
5001 1460 1.9768
5001 443 1.9908
5001 2644 1.9909
5001 3099 2.0128
5001 1315 2.0286
5001 4258 2.0679
5001 2961 2.1193
5001 3587 2.1556
5001 603 2.1565
5001 3588 2.1619
5001 1390 2.1731
5001 1415 2.2058
5001 2924 2.2071
5001 4188 2.2206
5001 4076 2.2214
5001 2424 2.2249
5001 852 2.2583
5001 2981 2.2689
5001 3371 2.2842
5001 1096 2.2907
5001 1660 2.3460
5001 3421 2.3491
5001 1074 2.3591
5001 2458 2.3623
5001 4923 2.3624
5001 2625 2.3645
5001 1071 2.3732
5001 4001 2.3760
5001 2785 2.3817
5001 4997 2.3910
5001 4082 2.4019
5001 4419 2.4086
5001 564 2.4173
5001 4126 2.4416
5001 985 2.4556
5001 3136 2.4662
5001 341 2.4696
5001 1104 2.4720
5001 154 2.4852
5001 3168 2.4984
5001 837 2.5019
5001 622 2.5089
5001 3269 2.5155
5001 2782 2.5212
5001 2493 2.5291
5001 1953 2.5446
5001 4423 2.5491
5001 3257 2.5502
5001 3879 2.5572
5001 210 2.5633
5001 481 2.5671
5001 2787 2.5709
5001 3139 2.5833
5001 1005 2.5834
