1000 0.0 0.0 0.0 0.0 0.0 0.0 0.0 
1001 1.0210645366 0.962513213958 -2.55933114881 -0.000807271250203 -2.02775896326 4.49005745784 0.761425063054 
1000 496 1.3652
1000 367 1.5574
1000 390 1.8171
1000 119 1.9003
1000 945 1.9538
1000 813 1.9846
1000 858 2.0007
1000 144 2.0088
1000 926 2.0192
1000 582 2.0268
1000 713 2.0854
1000 808 2.1095
1000 450 2.1232
1000 313 2.1415
1000 31 2.1521
1000 218 2.1664
1000 207 2.1821
1000 161 2.2201
1000 579 2.2462
1000 602 2.3000
1000 984 2.3024
1000 225 2.3205
1000 529 2.3355
1000 504 2.3414
1000 774 2.3456
1000 929 2.3577
1000 737 2.3588
1000 333 2.3605
1000 387 2.3753
1000 223 2.3911
1000 73 2.4046
1000 157 2.4534
1000 11 2.4630
1000 691 2.4663
1000 832 2.4739
1000 604 2.5301
1000 309 2.5415
1000 167 2.5424
1000 657 2.5589
1000 911 2.5748
1000 187 2.6028
1000 879 2.6092
1000 378 2.6157
1000 601 2.6309
1000 418 2.6449
1000 179 2.6707
1000 224 2.6715
1000 170 2.6778
1000 116 2.7033
1000 246 2.7104
1000 869 2.7184
1000 102 2.7308
1000 310 2.7448
