2000 0.0 0.0 0.0 0.0 0.0 0.0 0.0 
2001 0.0928780311446 1.03458927413 1.27633092534 -0.307109658926 -2.01582531073 1.99357244189 -0.405854938755 
2000 474 1.1855
2000 806 1.3779
2000 1306 1.4767
2000 497 1.7022
2000 129 1.7208
2000 5 1.7366
2000 75 1.7596
2000 1185 1.7603
2000 1972 1.7734
2000 145 1.8232
2000 49 1.8328
2000 1679 1.8358
2000 423 1.8461
2000 1314 1.8984
2000 758 1.9040
2000 1065 1.9363
2000 645 1.9587
2000 1562 2.0397
2000 126 2.1118
2000 329 2.1149
2000 455 2.1425
2000 1636 2.1441
2000 1946 2.1549
2000 1098 2.1572
2000 846 2.1776
2000 1316 2.2050
2000 63 2.2106
2000 850 2.2335
2000 360 2.2500
2000 264 2.2625
2000 193 2.2697
2000 790 2.2709
2000 1438 2.2739
2000 1666 2.2742
2000 1124 2.2751
2000 613 2.2798
2000 320 2.2853
2000 346 2.2882
2000 1158 2.2980
2000 1767 2.3095
2000 1929 2.3105
2000 724 2.3167
2000 1006 2.3202
2000 1742 2.3208
2000 401 2.3250
2000 447 2.3308
2000 1906 2.3710
2000 1992 2.3765
2000 1753 2.3984
2000 89 2.3985
2000 1461 2.4004
2000 1537 2.4119
2000 270 2.4470
2000 669 2.4753
2000 1951 2.4805
2000 348 2.4833
2000 1085 2.4853
2000 1727 2.4898
2000 106 2.4906
2001 455 1.6063
2001 349 1.9656
2001 1719 1.9756
2001 1362 1.9984
2001 1767 2.0600
2001 832 2.3453
2001 1134 2.3536
2001 1609 2.3544
2001 1900 2.3663
2001 1023 2.4063
2001 370 2.4116
2001 1408 2.4169
2001 1564 2.4320
2001 1180 2.4462
2001 1666 2.4794
2001 516 2.4972
2001 1849 2.4998
2001 1614 2.5157
2001 1270 2.5185
2001 63 2.5348
2001 1756 2.5350
2001 1062 2.5890
2001 1325 2.6004
2001 1714 2.6019
2001 1248 2.6054
2001 49 2.6227
2001 1829 2.6426
2001 9 2.6723
2001 105 2.6841
2001 1382 2.6921
2001 836 2.7120
2001 738 2.7575
2001 1794 2.7657
2001 399 2.7784
2001 177 2.7909
2001 657 2.8018
2001 1385 2.8032
2001 761 2.8328
2001 1458 2.8612
2001 1185 2.8761
2001 504 2.8857
2001 127 2.8867
2001 512 2.8946
2001 277 2.9066
2001 241 2.9196
2001 1370 2.9290
2001 748 2.9402
2001 944 2.9476
2001 790 2.9624
2001 1165 2.9672
2001 312 3.0035
2001 877 3.0176
2001 1903 3.0185
2001 1884 3.0269
2001 1620 3.0300
2001 595 3.0317
2001 679 3.0395
2001 1008 3.0452
2001 1486 3.0485
