0 1.18 0.09 0.28 1.5 -0.54 -0.9 2.22
1 0.11 1.64 0.77 1.65 -2.33 -0.54 2.83
2 -2.58 -1.84 2.47 -0.25 2.69 -1.58 -2.55
3 1.01 0.69 -0.13 -1.28 -0.96 0.97 1.7
4 0.02 1.19 2.8 0.8 -1.86 -1.48 -1.86
5 1.84 -0.3 2.75 -0.98 -2.17 1.16 -1.7
6 2.83 1.48 -0.22 -0.74 3.01 -1.84 -0.47
7 -1.21 1.73 -2.63 0.85 -1.97 1.5 -1.6
8 2.89 -0.53 -1.21 1.8 -3.0 1.01 -0.45
9 -1.63 -0.1 -1.18 0.21 2.72 -0.95 1.65
10 -2.82 0.55 0.46 -0.96 3.13 -0.27 -1.51
11 -2.04 0.07 0.58 1.63 0.16 -0.99 -0.99
12 -0.34 0.12 0.22 1.8 2.43 0.84 -2.13
13 -1.76 -0.98 -0.08 -0.57 1.68 1.1 -0.1
14 -2.06 0.34 2.24 0.85 -2.86 0.32 1.29
15 1.94 -0.01 0.83 0.57 -1.35 1.51 3.06
16 0.9 1.11 1.88 0.64 0.17 -0.14 2.6
17 2.37 0.14 -0.38 -0.33 1.72 1.06 -0.59
18 0.68 -1.63 1.79 1.6 1.55 -0.71 0.26
19 -0.12 1.71 1.09 -1.75 -1.76 -1.83 3.0
