0 -2.6 0.6 0.2 -0.17 -0.19 -0.81 2.54
1 0.7 -0.38 2.28 0.35 2.08 -1.76 -1.98
2 1.77 1.57 0.22 1.19 2.97 -1.32 2.67
3 -2.45 -1.24 -0.02 -1.83 0.54 -0.38 2.19
4 2.85 0.0 0.84 -1.2 1.78 1.34 -2.02
5 -1.41 1.27 0.05 -0.69 -0.18 1.88 -0.82
6 -3.08 1.79 -0.5 -0.8 -0.03 -0.24 1.09
7 1.46 -1.02 2.03 1.87 -3.07 0.09 2.5
8 -1.92 -0.89 1.61 -0.83 1.72 -0.83 -0.32
9 -0.45 -0.12 -1.79 2.34 -0.57 -1.68 -1.31
10 2.4 -0.24 0.35 -0.57 0.33 -1.33 2.04
11 2.6 1.17 1.47 0.31 2.28 -1.2 2.97
12 1.6 1.39 2.85 -0.71 -2.89 -0.83 0.76
13 -0.98 -0.09 2.28 -1.06 1.52 1.23 -1.27
14 -2.37 0.39 -0.16 -0.68 -0.01 1.19 0.81
15 -0.73 -1.62 0.43 1.66 2.2 0.51 -0.05
16 -1.26 1.05 -1.21 -1.19 0.42 -1.53 -2.83
17 -2.08 0.0 1.29 -1.98 1.53 -0.77 2.97
18 1.55 -0.14 2.71 1.92 -0.72 -0.93 -0.06
19 0.65 -1.18 -1.87 1.01 3.03 0.94 -2.96
