0.51 -0.66 0.5900000000000001
0.51 -0.66 0.6100000000000001
0.51 -0.64 0.5900000000000001
0.51 -0.64 0.6100000000000001
0.51 -0.62 0.5900000000000001
0.51 -0.62 0.6100000000000001
0.51 -0.6 0.5900000000000001
0.51 -0.6 0.6100000000000001
0.51 -0.58 0.5900000000000001
0.51 -0.58 0.6100000000000001
0.51 -0.5599999999999999 0.5900000000000001
0.51 -0.5599999999999999 0.6100000000000001
0.51 -0.5399999999999999 0.5900000000000001
0.51 -0.5399999999999999 0.6100000000000001
0.51 -0.5199999999999999 0.5900000000000001
0.51 -0.5199999999999999 0.6100000000000001
0.51 -0.4999999999999999 0.5900000000000001
0.51 -0.4999999999999999 0.6100000000000001
0.51 -0.47999999999999987 0.5900000000000001
0.51 -0.47999999999999987 0.6100000000000001
0.51 -0.45999999999999985 0.5900000000000001
0.51 -0.45999999999999985 0.6100000000000001
0.51 -0.43999999999999984 0.5900000000000001
0.51 -0.43999999999999984 0.6100000000000001
0.51 -0.4199999999999998 0.5900000000000001
0.51 -0.4199999999999998 0.6100000000000001
0.51 -0.3999999999999998 0.5900000000000001
0.51 -0.3999999999999998 0.6100000000000001
0.51 -0.3799999999999998 0.5900000000000001
0.51 -0.3799999999999998 0.6100000000000001
0.51 -0.35999999999999976 0.5900000000000001
0.51 -0.35999999999999976 0.6100000000000001
0.51 -0.33999999999999975 0.5900000000000001
0.51 -0.33999999999999975 0.6100000000000001
0.51 -0.31999999999999973 0.5900000000000001
0.51 -0.31999999999999973 0.6100000000000001
0.51 -0.2999999999999997 0.5900000000000001
0.51 -0.2999999999999997 0.6100000000000001
0.51 -0.2799999999999997 0.5900000000000001
0.51 -0.2799999999999997 0.6100000000000001
0.51 -0.2599999999999997 0.5900000000000001
0.51 -0.2599999999999997 0.6100000000000001
0.51 -0.23999999999999966 0.5900000000000001
0.51 -0.23999999999999966 0.6100000000000001
0.51 -0.21999999999999964 0.5900000000000001
0.51 -0.21999999999999964 0.6100000000000001
0.51 -0.19999999999999962 0.5900000000000001
0.51 -0.19999999999999962 0.6100000000000001
0.51 -0.1799999999999996 0.5900000000000001
0.51 -0.1799999999999996 0.6100000000000001
0.51 -0.1599999999999996 0.5900000000000001
0.51 -0.1599999999999996 0.6100000000000001
0.51 -0.13999999999999957 0.5900000000000001
0.51 -0.13999999999999957 0.6100000000000001
0.51 -0.11999999999999955 0.5900000000000001
0.51 -0.11999999999999955 0.6100000000000001
0.51 -0.09999999999999953 0.5900000000000001
0.51 -0.09999999999999953 0.6100000000000001
0.51 -0.07999999999999952 0.5900000000000001
0.51 -0.07999999999999952 0.6100000000000001
0.51 -0.0599999999999995 0.5900000000000001
0.51 -0.0599999999999995 0.6100000000000001
0.51 -0.03999999999999948 0.5900000000000001
0.51 -0.03999999999999948 0.6100000000000001
0.51 -0.019999999999999463 0.5900000000000001
0.51 -0.019999999999999463 0.6100000000000001
0.53 -0.66 0.5900000000000001
0.53 -0.66 0.6100000000000001
0.53 -0.64 0.5900000000000001
0.53 -0.64 0.6100000000000001
0.53 -0.62 0.5900000000000001
0.53 -0.62 0.6100000000000001
0.53 -0.6 0.5900000000000001
0.53 -0.6 0.6100000000000001
0.53 -0.58 0.5900000000000001
0.53 -0.58 0.6100000000000001
0.53 -0.5599999999999999 0.5900000000000001
0.53 -0.5599999999999999 0.6100000000000001
0.53 -0.5399999999999999 0.5900000000000001
0.53 -0.5399999999999999 0.6100000000000001
0.53 -0.5199999999999999 0.5900000000000001
0.53 -0.5199999999999999 0.6100000000000001
0.53 -0.4999999999999999 0.5900000000000001
0.53 -0.4999999999999999 0.6100000000000001
0.53 -0.47999999999999987 0.5900000000000001
0.53 -0.47999999999999987 0.6100000000000001
0.53 -0.45999999999999985 0.5900000000000001
0.53 -0.45999999999999985 0.6100000000000001
0.53 -0.43999999999999984 0.5900000000000001
0.53 -0.43999999999999984 0.6100000000000001
0.53 -0.4199999999999998 0.5900000000000001
0.53 -0.4199999999999998 0.6100000000000001
0.53 -0.3999999999999998 0.5900000000000001
0.53 -0.3999999999999998 0.6100000000000001
0.53 -0.3799999999999998 0.5900000000000001
0.53 -0.3799999999999998 0.6100000000000001
0.53 -0.35999999999999976 0.5900000000000001
0.53 -0.35999999999999976 0.6100000000000001
0.53 -0.33999999999999975 0.5900000000000001
0.53 -0.33999999999999975 0.6100000000000001
0.53 -0.31999999999999973 0.5900000000000001
0.53 -0.31999999999999973 0.6100000000000001
0.53 -0.2999999999999997 0.5900000000000001
0.53 -0.2999999999999997 0.6100000000000001
0.53 -0.2799999999999997 0.5900000000000001
0.53 -0.2799999999999997 0.6100000000000001
0.53 -0.2599999999999997 0.5900000000000001
0.53 -0.2599999999999997 0.6100000000000001
0.53 -0.23999999999999966 0.5900000000000001
0.53 -0.23999999999999966 0.6100000000000001
0.53 -0.21999999999999964 0.5900000000000001
0.53 -0.21999999999999964 0.6100000000000001
0.53 -0.19999999999999962 0.5900000000000001
0.53 -0.19999999999999962 0.6100000000000001
0.53 -0.1799999999999996 0.5900000000000001
0.53 -0.1799999999999996 0.6100000000000001
0.53 -0.1599999999999996 0.5900000000000001
0.53 -0.1599999999999996 0.6100000000000001
0.53 -0.13999999999999957 0.5900000000000001
0.53 -0.13999999999999957 0.6100000000000001
0.53 -0.11999999999999955 0.5900000000000001
0.53 -0.11999999999999955 0.6100000000000001
0.53 -0.09999999999999953 0.5900000000000001
0.53 -0.09999999999999953 0.6100000000000001
0.53 -0.07999999999999952 0.5900000000000001
0.53 -0.07999999999999952 0.6100000000000001
0.53 -0.0599999999999995 0.5900000000000001
0.53 -0.0599999999999995 0.6100000000000001
0.53 -0.03999999999999948 0.5900000000000001
0.53 -0.03999999999999948 0.6100000000000001
0.53 -0.019999999999999463 0.5900000000000001
0.53 -0.019999999999999463 0.6100000000000001
0.55 -0.66 0.5900000000000001
0.55 -0.66 0.6100000000000001
0.55 -0.64 0.5900000000000001
0.55 -0.64 0.6100000000000001
0.55 -0.62 0.5900000000000001
0.55 -0.62 0.6100000000000001
0.55 -0.6 0.5900000000000001
0.55 -0.6 0.6100000000000001
0.55 -0.58 0.5900000000000001
0.55 -0.58 0.6100000000000001
0.55 -0.5599999999999999 0.5900000000000001
0.55 -0.5599999999999999 0.6100000000000001
0.55 -0.5399999999999999 0.5900000000000001
0.55 -0.5399999999999999 0.6100000000000001
0.55 -0.5199999999999999 0.5900000000000001
0.55 -0.5199999999999999 0.6100000000000001
0.55 -0.4999999999999999 0.5900000000000001
0.55 -0.4999999999999999 0.6100000000000001
0.55 -0.47999999999999987 0.5900000000000001
0.55 -0.47999999999999987 0.6100000000000001
0.55 -0.45999999999999985 0.5900000000000001
0.55 -0.45999999999999985 0.6100000000000001
0.55 -0.43999999999999984 0.5900000000000001
0.55 -0.43999999999999984 0.6100000000000001
0.55 -0.4199999999999998 0.5900000000000001
0.55 -0.4199999999999998 0.6100000000000001
0.55 -0.3999999999999998 0.5900000000000001
0.55 -0.3999999999999998 0.6100000000000001
0.55 -0.3799999999999998 0.5900000000000001
0.55 -0.3799999999999998 0.6100000000000001
0.55 -0.35999999999999976 0.5900000000000001
0.55 -0.35999999999999976 0.6100000000000001
0.55 -0.33999999999999975 0.5900000000000001
0.55 -0.33999999999999975 0.6100000000000001
0.55 -0.31999999999999973 0.5900000000000001
0.55 -0.31999999999999973 0.6100000000000001
0.55 -0.2999999999999997 0.5900000000000001
0.55 -0.2999999999999997 0.6100000000000001
0.55 -0.2799999999999997 0.5900000000000001
0.55 -0.2799999999999997 0.6100000000000001
0.55 -0.2599999999999997 0.5900000000000001
0.55 -0.2599999999999997 0.6100000000000001
0.55 -0.23999999999999966 0.5900000000000001
0.55 -0.23999999999999966 0.6100000000000001
0.55 -0.21999999999999964 0.5900000000000001
0.55 -0.21999999999999964 0.6100000000000001
0.55 -0.19999999999999962 0.5900000000000001
0.55 -0.19999999999999962 0.6100000000000001
0.55 -0.1799999999999996 0.5900000000000001
0.55 -0.1799999999999996 0.6100000000000001
0.55 -0.1599999999999996 0.5900000000000001
0.55 -0.1599999999999996 0.6100000000000001
0.55 -0.13999999999999957 0.5900000000000001
0.55 -0.13999999999999957 0.6100000000000001
0.55 -0.11999999999999955 0.5900000000000001
0.55 -0.11999999999999955 0.6100000000000001
0.55 -0.09999999999999953 0.5900000000000001
0.55 -0.09999999999999953 0.6100000000000001
0.55 -0.07999999999999952 0.5900000000000001
0.55 -0.07999999999999952 0.6100000000000001
0.55 -0.0599999999999995 0.5900000000000001
0.55 -0.0599999999999995 0.6100000000000001
0.55 -0.03999999999999948 0.5900000000000001
0.55 -0.03999999999999948 0.6100000000000001
0.55 -0.019999999999999463 0.5900000000000001
0.55 -0.019999999999999463 0.6100000000000001
0.5700000000000001 -0.66 0.5900000000000001
0.5700000000000001 -0.66 0.6100000000000001
0.5700000000000001 -0.64 0.5900000000000001
0.5700000000000001 -0.64 0.6100000000000001
0.5700000000000001 -0.62 0.5900000000000001
0.5700000000000001 -0.62 0.6100000000000001
0.5700000000000001 -0.6 0.5900000000000001
0.5700000000000001 -0.6 0.6100000000000001
0.5700000000000001 -0.58 0.5900000000000001
0.5700000000000001 -0.58 0.6100000000000001
0.5700000000000001 -0.5599999999999999 0.5900000000000001
0.5700000000000001 -0.5599999999999999 0.6100000000000001
0.5700000000000001 -0.5399999999999999 0.5900000000000001
0.5700000000000001 -0.5399999999999999 0.6100000000000001
0.5700000000000001 -0.5199999999999999 0.5900000000000001
0.5700000000000001 -0.5199999999999999 0.6100000000000001
0.5700000000000001 -0.4999999999999999 0.5900000000000001
0.5700000000000001 -0.4999999999999999 0.6100000000000001
0.5700000000000001 -0.47999999999999987 0.5900000000000001
0.5700000000000001 -0.47999999999999987 0.6100000000000001
0.5700000000000001 -0.45999999999999985 0.5900000000000001
0.5700000000000001 -0.45999999999999985 0.6100000000000001
0.5700000000000001 -0.43999999999999984 0.5900000000000001
0.5700000000000001 -0.43999999999999984 0.6100000000000001
0.5700000000000001 -0.4199999999999998 0.5900000000000001
0.5700000000000001 -0.4199999999999998 0.6100000000000001
0.5700000000000001 -0.3999999999999998 0.5900000000000001
0.5700000000000001 -0.3999999999999998 0.6100000000000001
0.5700000000000001 -0.3799999999999998 0.5900000000000001
0.5700000000000001 -0.3799999999999998 0.6100000000000001
0.5700000000000001 -0.35999999999999976 0.5900000000000001
0.5700000000000001 -0.35999999999999976 0.6100000000000001
0.5700000000000001 -0.33999999999999975 0.5900000000000001
0.5700000000000001 -0.33999999999999975 0.6100000000000001
0.5700000000000001 -0.31999999999999973 0.5900000000000001
0.5700000000000001 -0.31999999999999973 0.6100000000000001
0.5700000000000001 -0.2999999999999997 0.5900000000000001
0.5700000000000001 -0.2999999999999997 0.6100000000000001
0.5700000000000001 -0.2799999999999997 0.5900000000000001
0.5700000000000001 -0.2799999999999997 0.6100000000000001
0.5700000000000001 -0.2599999999999997 0.5900000000000001
0.5700000000000001 -0.2599999999999997 0.6100000000000001
0.5700000000000001 -0.23999999999999966 0.5900000000000001
0.5700000000000001 -0.23999999999999966 0.6100000000000001
0.5700000000000001 -0.21999999999999964 0.5900000000000001
0.5700000000000001 -0.21999999999999964 0.6100000000000001
0.5700000000000001 -0.19999999999999962 0.5900000000000001
0.5700000000000001 -0.19999999999999962 0.6100000000000001
0.5700000000000001 -0.1799999999999996 0.5900000000000001
0.5700000000000001 -0.1799999999999996 0.6100000000000001
0.5700000000000001 -0.1599999999999996 0.5900000000000001
0.5700000000000001 -0.1599999999999996 0.6100000000000001
0.5700000000000001 -0.13999999999999957 0.5900000000000001
0.5700000000000001 -0.13999999999999957 0.6100000000000001
0.5700000000000001 -0.11999999999999955 0.5900000000000001
0.5700000000000001 -0.11999999999999955 0.6100000000000001
0.5700000000000001 -0.09999999999999953 0.5900000000000001
0.5700000000000001 -0.09999999999999953 0.6100000000000001
0.5700000000000001 -0.07999999999999952 0.5900000000000001
0.5700000000000001 -0.07999999999999952 0.6100000000000001
0.5700000000000001 -0.0599999999999995 0.5900000000000001
0.5700000000000001 -0.0599999999999995 0.6100000000000001
0.5700000000000001 -0.03999999999999948 0.5900000000000001
0.5700000000000001 -0.03999999999999948 0.6100000000000001
0.5700000000000001 -0.019999999999999463 0.5900000000000001
0.5700000000000001 -0.019999999999999463 0.6100000000000001
0.5900000000000001 -0.66 0.5900000000000001
0.5900000000000001 -0.66 0.6100000000000001
0.5900000000000001 -0.64 0.5900000000000001
0.5900000000000001 -0.64 0.6100000000000001
0.5900000000000001 -0.62 0.5900000000000001
0.5900000000000001 -0.62 0.6100000000000001
0.5900000000000001 -0.6 0.5900000000000001
0.5900000000000001 -0.6 0.6100000000000001
0.5900000000000001 -0.58 0.5900000000000001
0.5900000000000001 -0.58 0.6100000000000001
0.5900000000000001 -0.5599999999999999 0.5900000000000001
0.5900000000000001 -0.5599999999999999 0.6100000000000001
0.5900000000000001 -0.5399999999999999 0.5900000000000001
0.5900000000000001 -0.5399999999999999 0.6100000000000001
0.5900000000000001 -0.5199999999999999 0.5900000000000001
0.5900000000000001 -0.5199999999999999 0.6100000000000001
0.5900000000000001 -0.4999999999999999 0.5900000000000001
0.5900000000000001 -0.4999999999999999 0.6100000000000001
0.5900000000000001 -0.47999999999999987 0.5900000000000001
0.5900000000000001 -0.47999999999999987 0.6100000000000001
0.5900000000000001 -0.45999999999999985 0.5900000000000001
0.5900000000000001 -0.45999999999999985 0.6100000000000001
0.5900000000000001 -0.43999999999999984 0.5900000000000001
0.5900000000000001 -0.43999999999999984 0.6100000000000001
0.5900000000000001 -0.4199999999999998 0.5900000000000001
0.5900000000000001 -0.4199999999999998 0.6100000000000001
0.5900000000000001 -0.3999999999999998 0.5900000000000001
0.5900000000000001 -0.3999999999999998 0.6100000000000001
0.5900000000000001 -0.3799999999999998 0.5900000000000001
0.5900000000000001 -0.3799999999999998 0.6100000000000001
0.5900000000000001 -0.35999999999999976 0.5900000000000001
0.5900000000000001 -0.35999999999999976 0.6100000000000001
0.5900000000000001 -0.33999999999999975 0.5900000000000001
0.5900000000000001 -0.33999999999999975 0.6100000000000001
0.5900000000000001 -0.31999999999999973 0.5900000000000001
0.5900000000000001 -0.31999999999999973 0.6100000000000001
0.5900000000000001 -0.2999999999999997 0.5900000000000001
0.5900000000000001 -0.2999999999999997 0.6100000000000001
0.5900000000000001 -0.2799999999999997 0.5900000000000001
0.5900000000000001 -0.2799999999999997 0.6100000000000001
0.5900000000000001 -0.2599999999999997 0.5900000000000001
0.5900000000000001 -0.2599999999999997 0.6100000000000001
0.5900000000000001 -0.23999999999999966 0.5900000000000001
0.5900000000000001 -0.23999999999999966 0.6100000000000001
0.5900000000000001 -0.21999999999999964 0.5900000000000001
0.5900000000000001 -0.21999999999999964 0.6100000000000001
0.5900000000000001 -0.19999999999999962 0.5900000000000001
0.5900000000000001 -0.19999999999999962 0.6100000000000001
0.5900000000000001 -0.1799999999999996 0.5900000000000001
0.5900000000000001 -0.1799999999999996 0.6100000000000001
0.5900000000000001 -0.1599999999999996 0.5900000000000001
0.5900000000000001 -0.1599999999999996 0.6100000000000001
0.5900000000000001 -0.13999999999999957 0.5900000000000001
0.5900000000000001 -0.13999999999999957 0.6100000000000001
0.5900000000000001 -0.11999999999999955 0.5900000000000001
0.5900000000000001 -0.11999999999999955 0.6100000000000001
0.5900000000000001 -0.09999999999999953 0.5900000000000001
0.5900000000000001 -0.09999999999999953 0.6100000000000001
0.5900000000000001 -0.07999999999999952 0.5900000000000001
0.5900000000000001 -0.07999999999999952 0.6100000000000001
0.5900000000000001 -0.0599999999999995 0.5900000000000001
0.5900000000000001 -0.0599999999999995 0.6100000000000001
0.5900000000000001 -0.03999999999999948 0.5900000000000001
0.5900000000000001 -0.03999999999999948 0.6100000000000001
0.5900000000000001 -0.019999999999999463 0.5900000000000001
0.5900000000000001 -0.019999999999999463 0.6100000000000001
0.6100000000000001 -0.66 0.5900000000000001
0.6100000000000001 -0.66 0.6100000000000001
0.6100000000000001 -0.64 0.5900000000000001
0.6100000000000001 -0.64 0.6100000000000001
0.6100000000000001 -0.62 0.5900000000000001
0.6100000000000001 -0.62 0.6100000000000001
0.6100000000000001 -0.6 0.5900000000000001
0.6100000000000001 -0.6 0.6100000000000001
0.6100000000000001 -0.58 0.5900000000000001
0.6100000000000001 -0.58 0.6100000000000001
0.6100000000000001 -0.5599999999999999 0.5900000000000001
0.6100000000000001 -0.5599999999999999 0.6100000000000001
0.6100000000000001 -0.5399999999999999 0.5900000000000001
0.6100000000000001 -0.5399999999999999 0.6100000000000001
0.6100000000000001 -0.5199999999999999 0.5900000000000001
0.6100000000000001 -0.5199999999999999 0.6100000000000001
0.6100000000000001 -0.4999999999999999 0.5900000000000001
0.6100000000000001 -0.4999999999999999 0.6100000000000001
0.6100000000000001 -0.47999999999999987 0.5900000000000001
0.6100000000000001 -0.47999999999999987 0.6100000000000001
0.6100000000000001 -0.45999999999999985 0.5900000000000001
0.6100000000000001 -0.45999999999999985 0.6100000000000001
0.6100000000000001 -0.43999999999999984 0.5900000000000001
0.6100000000000001 -0.43999999999999984 0.6100000000000001
0.6100000000000001 -0.4199999999999998 0.5900000000000001
0.6100000000000001 -0.4199999999999998 0.6100000000000001
0.6100000000000001 -0.3999999999999998 0.5900000000000001
0.6100000000000001 -0.3999999999999998 0.6100000000000001
0.6100000000000001 -0.3799999999999998 0.5900000000000001
0.6100000000000001 -0.3799999999999998 0.6100000000000001
0.6100000000000001 -0.35999999999999976 0.5900000000000001
0.6100000000000001 -0.35999999999999976 0.6100000000000001
0.6100000000000001 -0.33999999999999975 0.5900000000000001
0.6100000000000001 -0.33999999999999975 0.6100000000000001
0.6100000000000001 -0.31999999999999973 0.5900000000000001
0.6100000000000001 -0.31999999999999973 0.6100000000000001
0.6100000000000001 -0.2999999999999997 0.5900000000000001
0.6100000000000001 -0.2999999999999997 0.6100000000000001
0.6100000000000001 -0.2799999999999997 0.5900000000000001
0.6100000000000001 -0.2799999999999997 0.6100000000000001
0.6100000000000001 -0.2599999999999997 0.5900000000000001
0.6100000000000001 -0.2599999999999997 0.6100000000000001
0.6100000000000001 -0.23999999999999966 0.5900000000000001
0.6100000000000001 -0.23999999999999966 0.6100000000000001
0.6100000000000001 -0.21999999999999964 0.5900000000000001
0.6100000000000001 -0.21999999999999964 0.6100000000000001
0.6100000000000001 -0.19999999999999962 0.5900000000000001
0.6100000000000001 -0.19999999999999962 0.6100000000000001
0.6100000000000001 -0.1799999999999996 0.5900000000000001
0.6100000000000001 -0.1799999999999996 0.6100000000000001
0.6100000000000001 -0.1599999999999996 0.5900000000000001
0.6100000000000001 -0.1599999999999996 0.6100000000000001
0.6100000000000001 -0.13999999999999957 0.5900000000000001
0.6100000000000001 -0.13999999999999957 0.6100000000000001
0.6100000000000001 -0.11999999999999955 0.5900000000000001
0.6100000000000001 -0.11999999999999955 0.6100000000000001
0.6100000000000001 -0.09999999999999953 0.5900000000000001
0.6100000000000001 -0.09999999999999953 0.6100000000000001
0.6100000000000001 -0.07999999999999952 0.5900000000000001
0.6100000000000001 -0.07999999999999952 0.6100000000000001
0.6100000000000001 -0.0599999999999995 0.5900000000000001
0.6100000000000001 -0.0599999999999995 0.6100000000000001
0.6100000000000001 -0.03999999999999948 0.5900000000000001
0.6100000000000001 -0.03999999999999948 0.6100000000000001
0.6100000000000001 -0.019999999999999463 0.5900000000000001
0.6100000000000001 -0.019999999999999463 0.6100000000000001
0.6300000000000001 -0.66 0.5900000000000001
0.6300000000000001 -0.66 0.6100000000000001
0.6300000000000001 -0.64 0.5900000000000001
0.6300000000000001 -0.64 0.6100000000000001
0.6300000000000001 -0.62 0.5900000000000001
0.6300000000000001 -0.62 0.6100000000000001
0.6300000000000001 -0.6 0.5900000000000001
0.6300000000000001 -0.6 0.6100000000000001
0.6300000000000001 -0.58 0.5900000000000001
0.6300000000000001 -0.58 0.6100000000000001
0.6300000000000001 -0.5599999999999999 0.5900000000000001
0.6300000000000001 -0.5599999999999999 0.6100000000000001
0.6300000000000001 -0.5399999999999999 0.5900000000000001
0.6300000000000001 -0.5399999999999999 0.6100000000000001
0.6300000000000001 -0.5199999999999999 0.5900000000000001
0.6300000000000001 -0.5199999999999999 0.6100000000000001
0.6300000000000001 -0.4999999999999999 0.5900000000000001
0.6300000000000001 -0.4999999999999999 0.6100000000000001
0.6300000000000001 -0.47999999999999987 0.5900000000000001
0.6300000000000001 -0.47999999999999987 0.6100000000000001
0.6300000000000001 -0.45999999999999985 0.5900000000000001
0.6300000000000001 -0.45999999999999985 0.6100000000000001
0.6300000000000001 -0.43999999999999984 0.5900000000000001
0.6300000000000001 -0.43999999999999984 0.6100000000000001
0.6300000000000001 -0.4199999999999998 0.5900000000000001
0.6300000000000001 -0.4199999999999998 0.6100000000000001
0.6300000000000001 -0.3999999999999998 0.5900000000000001
0.6300000000000001 -0.3999999999999998 0.6100000000000001
0.6300000000000001 -0.3799999999999998 0.5900000000000001
0.6300000000000001 -0.3799999999999998 0.6100000000000001
0.6300000000000001 -0.35999999999999976 0.5900000000000001
0.6300000000000001 -0.35999999999999976 0.6100000000000001
0.6300000000000001 -0.33999999999999975 0.5900000000000001
0.6300000000000001 -0.33999999999999975 0.6100000000000001
0.6300000000000001 -0.31999999999999973 0.5900000000000001
0.6300000000000001 -0.31999999999999973 0.6100000000000001
0.6300000000000001 -0.2999999999999997 0.5900000000000001
0.6300000000000001 -0.2999999999999997 0.6100000000000001
0.6300000000000001 -0.2799999999999997 0.5900000000000001
0.6300000000000001 -0.2799999999999997 0.6100000000000001
0.6300000000000001 -0.2599999999999997 0.5900000000000001
0.6300000000000001 -0.2599999999999997 0.6100000000000001
0.6300000000000001 -0.23999999999999966 0.5900000000000001
0.6300000000000001 -0.23999999999999966 0.6100000000000001
0.6300000000000001 -0.21999999999999964 0.5900000000000001
0.6300000000000001 -0.21999999999999964 0.6100000000000001
0.6300000000000001 -0.19999999999999962 0.5900000000000001
0.6300000000000001 -0.19999999999999962 0.6100000000000001
0.6300000000000001 -0.1799999999999996 0.5900000000000001
0.6300000000000001 -0.1799999999999996 0.6100000000000001
0.6300000000000001 -0.1599999999999996 0.5900000000000001
0.6300000000000001 -0.1599999999999996 0.6100000000000001
0.6300000000000001 -0.13999999999999957 0.5900000000000001
0.6300000000000001 -0.13999999999999957 0.6100000000000001
0.6300000000000001 -0.11999999999999955 0.5900000000000001
0.6300000000000001 -0.11999999999999955 0.6100000000000001
0.6300000000000001 -0.09999999999999953 0.5900000000000001
0.6300000000000001 -0.09999999999999953 0.6100000000000001
0.6300000000000001 -0.07999999999999952 0.5900000000000001
0.6300000000000001 -0.07999999999999952 0.6100000000000001
0.6300000000000001 -0.0599999999999995 0.5900000000000001
0.6300000000000001 -0.0599999999999995 0.6100000000000001
0.6300000000000001 -0.03999999999999948 0.5900000000000001
0.6300000000000001 -0.03999999999999948 0.6100000000000001
0.6300000000000001 -0.019999999999999463 0.5900000000000001
0.6300000000000001 -0.019999999999999463 0.6100000000000001
0.6500000000000001 -0.66 0.5900000000000001
0.6500000000000001 -0.66 0.6100000000000001
0.6500000000000001 -0.64 0.5900000000000001
0.6500000000000001 -0.64 0.6100000000000001
0.6500000000000001 -0.62 0.5900000000000001
0.6500000000000001 -0.62 0.6100000000000001
0.6500000000000001 -0.6 0.5900000000000001
0.6500000000000001 -0.6 0.6100000000000001
0.6500000000000001 -0.58 0.5900000000000001
0.6500000000000001 -0.58 0.6100000000000001
0.6500000000000001 -0.5599999999999999 0.5900000000000001
0.6500000000000001 -0.5599999999999999 0.6100000000000001
0.6500000000000001 -0.5399999999999999 0.5900000000000001
0.6500000000000001 -0.5399999999999999 0.6100000000000001
0.6500000000000001 -0.5199999999999999 0.5900000000000001
0.6500000000000001 -0.5199999999999999 0.6100000000000001
0.6500000000000001 -0.4999999999999999 0.5900000000000001
0.6500000000000001 -0.4999999999999999 0.6100000000000001
0.6500000000000001 -0.47999999999999987 0.5900000000000001
0.6500000000000001 -0.47999999999999987 0.6100000000000001
0.6500000000000001 -0.45999999999999985 0.5900000000000001
0.6500000000000001 -0.45999999999999985 0.6100000000000001
0.6500000000000001 -0.43999999999999984 0.5900000000000001
0.6500000000000001 -0.43999999999999984 0.6100000000000001
0.6500000000000001 -0.4199999999999998 0.5900000000000001
0.6500000000000001 -0.4199999999999998 0.6100000000000001
0.6500000000000001 -0.3999999999999998 0.5900000000000001
0.6500000000000001 -0.3999999999999998 0.6100000000000001
0.6500000000000001 -0.3799999999999998 0.5900000000000001
0.6500000000000001 -0.3799999999999998 0.6100000000000001
0.6500000000000001 -0.35999999999999976 0.5900000000000001
0.6500000000000001 -0.35999999999999976 0.6100000000000001
0.6500000000000001 -0.33999999999999975 0.5900000000000001
0.6500000000000001 -0.33999999999999975 0.6100000000000001
0.6500000000000001 -0.31999999999999973 0.5900000000000001
0.6500000000000001 -0.31999999999999973 0.6100000000000001
0.6500000000000001 -0.2999999999999997 0.5900000000000001
0.6500000000000001 -0.2999999999999997 0.6100000000000001
0.6500000000000001 -0.2799999999999997 0.5900000000000001
0.6500000000000001 -0.2799999999999997 0.6100000000000001
0.6500000000000001 -0.2599999999999997 0.5900000000000001
0.6500000000000001 -0.2599999999999997 0.6100000000000001
0.6500000000000001 -0.23999999999999966 0.5900000000000001
0.6500000000000001 -0.23999999999999966 0.6100000000000001
0.6500000000000001 -0.21999999999999964 0.5900000000000001
0.6500000000000001 -0.21999999999999964 0.6100000000000001
0.6500000000000001 -0.19999999999999962 0.5900000000000001
0.6500000000000001 -0.19999999999999962 0.6100000000000001
0.6500000000000001 -0.1799999999999996 0.5900000000000001
0.6500000000000001 -0.1799999999999996 0.6100000000000001
0.6500000000000001 -0.1599999999999996 0.5900000000000001
0.6500000000000001 -0.1599999999999996 0.6100000000000001
0.6500000000000001 -0.13999999999999957 0.5900000000000001
0.6500000000000001 -0.13999999999999957 0.6100000000000001
0.6500000000000001 -0.11999999999999955 0.5900000000000001
0.6500000000000001 -0.11999999999999955 0.6100000000000001
0.6500000000000001 -0.09999999999999953 0.5900000000000001
0.6500000000000001 -0.09999999999999953 0.6100000000000001
0.6500000000000001 -0.07999999999999952 0.5900000000000001
0.6500000000000001 -0.07999999999999952 0.6100000000000001
0.6500000000000001 -0.0599999999999995 0.5900000000000001
0.6500000000000001 -0.0599999999999995 0.6100000000000001
0.6500000000000001 -0.03999999999999948 0.5900000000000001
0.6500000000000001 -0.03999999999999948 0.6100000000000001
0.6500000000000001 -0.019999999999999463 0.5900000000000001
0.6500000000000001 -0.019999999999999463 0.6100000000000001
0.6700000000000002 -0.66 0.5900000000000001
0.6700000000000002 -0.66 0.6100000000000001
0.6700000000000002 -0.64 0.5900000000000001
0.6700000000000002 -0.64 0.6100000000000001
0.6700000000000002 -0.62 0.5900000000000001
0.6700000000000002 -0.62 0.6100000000000001
0.6700000000000002 -0.6 0.5900000000000001
0.6700000000000002 -0.6 0.6100000000000001
0.6700000000000002 -0.58 0.5900000000000001
0.6700000000000002 -0.58 0.6100000000000001
0.6700000000000002 -0.5599999999999999 0.5900000000000001
0.6700000000000002 -0.5599999999999999 0.6100000000000001
0.6700000000000002 -0.5399999999999999 0.5900000000000001
0.6700000000000002 -0.5399999999999999 0.6100000000000001
0.6700000000000002 -0.5199999999999999 0.5900000000000001
0.6700000000000002 -0.5199999999999999 0.6100000000000001
0.6700000000000002 -0.4999999999999999 0.5900000000000001
0.6700000000000002 -0.4999999999999999 0.6100000000000001
0.6700000000000002 -0.47999999999999987 0.5900000000000001
0.6700000000000002 -0.47999999999999987 0.6100000000000001
0.6700000000000002 -0.45999999999999985 0.5900000000000001
0.6700000000000002 -0.45999999999999985 0.6100000000000001
0.6700000000000002 -0.43999999999999984 0.5900000000000001
0.6700000000000002 -0.43999999999999984 0.6100000000000001
0.6700000000000002 -0.4199999999999998 0.5900000000000001
0.6700000000000002 -0.4199999999999998 0.6100000000000001
0.6700000000000002 -0.3999999999999998 0.5900000000000001
0.6700000000000002 -0.3999999999999998 0.6100000000000001
0.6700000000000002 -0.3799999999999998 0.5900000000000001
0.6700000000000002 -0.3799999999999998 0.6100000000000001
0.6700000000000002 -0.35999999999999976 0.5900000000000001
0.6700000000000002 -0.35999999999999976 0.6100000000000001
0.6700000000000002 -0.33999999999999975 0.5900000000000001
0.6700000000000002 -0.33999999999999975 0.6100000000000001
0.6700000000000002 -0.31999999999999973 0.5900000000000001
0.6700000000000002 -0.31999999999999973 0.6100000000000001
0.6700000000000002 -0.2999999999999997 0.5900000000000001
0.6700000000000002 -0.2999999999999997 0.6100000000000001
0.6700000000000002 -0.2799999999999997 0.5900000000000001
0.6700000000000002 -0.2799999999999997 0.6100000000000001
0.6700000000000002 -0.2599999999999997 0.5900000000000001
0.6700000000000002 -0.2599999999999997 0.6100000000000001
0.6700000000000002 -0.23999999999999966 0.5900000000000001
0.6700000000000002 -0.23999999999999966 0.6100000000000001
0.6700000000000002 -0.21999999999999964 0.5900000000000001
0.6700000000000002 -0.21999999999999964 0.6100000000000001
0.6700000000000002 -0.19999999999999962 0.5900000000000001
0.6700000000000002 -0.19999999999999962 0.6100000000000001
0.6700000000000002 -0.1799999999999996 0.5900000000000001
0.6700000000000002 -0.1799999999999996 0.6100000000000001
0.6700000000000002 -0.1599999999999996 0.5900000000000001
0.6700000000000002 -0.1599999999999996 0.6100000000000001
0.6700000000000002 -0.13999999999999957 0.5900000000000001
0.6700000000000002 -0.13999999999999957 0.6100000000000001
0.6700000000000002 -0.11999999999999955 0.5900000000000001
0.6700000000000002 -0.11999999999999955 0.6100000000000001
0.6700000000000002 -0.09999999999999953 0.5900000000000001
0.6700000000000002 -0.09999999999999953 0.6100000000000001
0.6700000000000002 -0.07999999999999952 0.5900000000000001
0.6700000000000002 -0.07999999999999952 0.6100000000000001
0.6700000000000002 -0.0599999999999995 0.5900000000000001
0.6700000000000002 -0.0599999999999995 0.6100000000000001
0.6700000000000002 -0.03999999999999948 0.5900000000000001
0.6700000000000002 -0.03999999999999948 0.6100000000000001
0.6700000000000002 -0.019999999999999463 0.5900000000000001
0.6700000000000002 -0.019999999999999463 0.6100000000000001
0.6900000000000002 -0.66 0.5900000000000001
0.6900000000000002 -0.66 0.6100000000000001
0.6900000000000002 -0.64 0.5900000000000001
0.6900000000000002 -0.64 0.6100000000000001
0.6900000000000002 -0.62 0.5900000000000001
0.6900000000000002 -0.62 0.6100000000000001
0.6900000000000002 -0.6 0.5900000000000001
0.6900000000000002 -0.6 0.6100000000000001
0.6900000000000002 -0.58 0.5900000000000001
0.6900000000000002 -0.58 0.6100000000000001
0.6900000000000002 -0.5599999999999999 0.5900000000000001
0.6900000000000002 -0.5599999999999999 0.6100000000000001
0.6900000000000002 -0.5399999999999999 0.5900000000000001
0.6900000000000002 -0.5399999999999999 0.6100000000000001
0.6900000000000002 -0.5199999999999999 0.5900000000000001
0.6900000000000002 -0.5199999999999999 0.6100000000000001
0.6900000000000002 -0.4999999999999999 0.5900000000000001
0.6900000000000002 -0.4999999999999999 0.6100000000000001
0.6900000000000002 -0.47999999999999987 0.5900000000000001
0.6900000000000002 -0.47999999999999987 0.6100000000000001
0.6900000000000002 -0.45999999999999985 0.5900000000000001
0.6900000000000002 -0.45999999999999985 0.6100000000000001
0.6900000000000002 -0.43999999999999984 0.5900000000000001
0.6900000000000002 -0.43999999999999984 0.6100000000000001
0.6900000000000002 -0.4199999999999998 0.5900000000000001
0.6900000000000002 -0.4199999999999998 0.6100000000000001
0.6900000000000002 -0.3999999999999998 0.5900000000000001
0.6900000000000002 -0.3999999999999998 0.6100000000000001
0.6900000000000002 -0.3799999999999998 0.5900000000000001
0.6900000000000002 -0.3799999999999998 0.6100000000000001
0.6900000000000002 -0.35999999999999976 0.5900000000000001
0.6900000000000002 -0.35999999999999976 0.6100000000000001
0.6900000000000002 -0.33999999999999975 0.5900000000000001
0.6900000000000002 -0.33999999999999975 0.6100000000000001
0.6900000000000002 -0.31999999999999973 0.5900000000000001
0.6900000000000002 -0.31999999999999973 0.6100000000000001
0.6900000000000002 -0.2999999999999997 0.5900000000000001
0.6900000000000002 -0.2999999999999997 0.6100000000000001
0.6900000000000002 -0.2799999999999997 0.5900000000000001
0.6900000000000002 -0.2799999999999997 0.6100000000000001
0.6900000000000002 -0.2599999999999997 0.5900000000000001
0.6900000000000002 -0.2599999999999997 0.6100000000000001
0.6900000000000002 -0.23999999999999966 0.5900000000000001
0.6900000000000002 -0.23999999999999966 0.6100000000000001
0.6900000000000002 -0.21999999999999964 0.5900000000000001
0.6900000000000002 -0.21999999999999964 0.6100000000000001
0.6900000000000002 -0.19999999999999962 0.5900000000000001
0.6900000000000002 -0.19999999999999962 0.6100000000000001
0.6900000000000002 -0.1799999999999996 0.5900000000000001
0.6900000000000002 -0.1799999999999996 0.6100000000000001
0.6900000000000002 -0.1599999999999996 0.5900000000000001
0.6900000000000002 -0.1599999999999996 0.6100000000000001
0.6900000000000002 -0.13999999999999957 0.5900000000000001
0.6900000000000002 -0.13999999999999957 0.6100000000000001
0.6900000000000002 -0.11999999999999955 0.5900000000000001
0.6900000000000002 -0.11999999999999955 0.6100000000000001
0.6900000000000002 -0.09999999999999953 0.5900000000000001
0.6900000000000002 -0.09999999999999953 0.6100000000000001
0.6900000000000002 -0.07999999999999952 0.5900000000000001
0.6900000000000002 -0.07999999999999952 0.6100000000000001
0.6900000000000002 -0.0599999999999995 0.5900000000000001
0.6900000000000002 -0.0599999999999995 0.6100000000000001
0.6900000000000002 -0.03999999999999948 0.5900000000000001
0.6900000000000002 -0.03999999999999948 0.6100000000000001
0.6900000000000002 -0.019999999999999463 0.5900000000000001
0.6900000000000002 -0.019999999999999463 0.6100000000000001
0.7100000000000002 -0.66 0.5900000000000001
0.7100000000000002 -0.66 0.6100000000000001
0.7100000000000002 -0.64 0.5900000000000001
0.7100000000000002 -0.64 0.6100000000000001
0.7100000000000002 -0.62 0.5900000000000001
0.7100000000000002 -0.62 0.6100000000000001
0.7100000000000002 -0.6 0.5900000000000001
0.7100000000000002 -0.6 0.6100000000000001
0.7100000000000002 -0.58 0.5900000000000001
0.7100000000000002 -0.58 0.6100000000000001
0.7100000000000002 -0.5599999999999999 0.5900000000000001
0.7100000000000002 -0.5599999999999999 0.6100000000000001
0.7100000000000002 -0.5399999999999999 0.5900000000000001
0.7100000000000002 -0.5399999999999999 0.6100000000000001
0.7100000000000002 -0.5199999999999999 0.5900000000000001
0.7100000000000002 -0.5199999999999999 0.6100000000000001
0.7100000000000002 -0.4999999999999999 0.5900000000000001
0.7100000000000002 -0.4999999999999999 0.6100000000000001
0.7100000000000002 -0.47999999999999987 0.5900000000000001
0.7100000000000002 -0.47999999999999987 0.6100000000000001
0.7100000000000002 -0.45999999999999985 0.5900000000000001
0.7100000000000002 -0.45999999999999985 0.6100000000000001
0.7100000000000002 -0.43999999999999984 0.5900000000000001
0.7100000000000002 -0.43999999999999984 0.6100000000000001
0.7100000000000002 -0.4199999999999998 0.5900000000000001
0.7100000000000002 -0.4199999999999998 0.6100000000000001
0.7100000000000002 -0.3999999999999998 0.5900000000000001
0.7100000000000002 -0.3999999999999998 0.6100000000000001
0.7100000000000002 -0.3799999999999998 0.5900000000000001
0.7100000000000002 -0.3799999999999998 0.6100000000000001
0.7100000000000002 -0.35999999999999976 0.5900000000000001
0.7100000000000002 -0.35999999999999976 0.6100000000000001
0.7100000000000002 -0.33999999999999975 0.5900000000000001
0.7100000000000002 -0.33999999999999975 0.6100000000000001
0.7100000000000002 -0.31999999999999973 0.5900000000000001
0.7100000000000002 -0.31999999999999973 0.6100000000000001
0.7100000000000002 -0.2999999999999997 0.5900000000000001
0.7100000000000002 -0.2999999999999997 0.6100000000000001
0.7100000000000002 -0.2799999999999997 0.5900000000000001
0.7100000000000002 -0.2799999999999997 0.6100000000000001
0.7100000000000002 -0.2599999999999997 0.5900000000000001
0.7100000000000002 -0.2599999999999997 0.6100000000000001
0.7100000000000002 -0.23999999999999966 0.5900000000000001
0.7100000000000002 -0.23999999999999966 0.6100000000000001
0.7100000000000002 -0.21999999999999964 0.5900000000000001
0.7100000000000002 -0.21999999999999964 0.6100000000000001
0.7100000000000002 -0.19999999999999962 0.5900000000000001
0.7100000000000002 -0.19999999999999962 0.6100000000000001
0.7100000000000002 -0.1799999999999996 0.5900000000000001
0.7100000000000002 -0.1799999999999996 0.6100000000000001
0.7100000000000002 -0.1599999999999996 0.5900000000000001
0.7100000000000002 -0.1599999999999996 0.6100000000000001
0.7100000000000002 -0.13999999999999957 0.5900000000000001
0.7100000000000002 -0.13999999999999957 0.6100000000000001
0.7100000000000002 -0.11999999999999955 0.5900000000000001
0.7100000000000002 -0.11999999999999955 0.6100000000000001
0.7100000000000002 -0.09999999999999953 0.5900000000000001
0.7100000000000002 -0.09999999999999953 0.6100000000000001
0.7100000000000002 -0.07999999999999952 0.5900000000000001
0.7100000000000002 -0.07999999999999952 0.6100000000000001
0.7100000000000002 -0.0599999999999995 0.5900000000000001
0.7100000000000002 -0.0599999999999995 0.6100000000000001
0.7100000000000002 -0.03999999999999948 0.5900000000000001
0.7100000000000002 -0.03999999999999948 0.6100000000000001
0.7100000000000002 -0.019999999999999463 0.5900000000000001
0.7100000000000002 -0.019999999999999463 0.6100000000000001
0.7300000000000002 -0.66 0.5900000000000001
0.7300000000000002 -0.66 0.6100000000000001
0.7300000000000002 -0.64 0.5900000000000001
0.7300000000000002 -0.64 0.6100000000000001
0.7300000000000002 -0.62 0.5900000000000001
0.7300000000000002 -0.62 0.6100000000000001
0.7300000000000002 -0.6 0.5900000000000001
0.7300000000000002 -0.6 0.6100000000000001
0.7300000000000002 -0.58 0.5900000000000001
0.7300000000000002 -0.58 0.6100000000000001
0.7300000000000002 -0.5599999999999999 0.5900000000000001
0.7300000000000002 -0.5599999999999999 0.6100000000000001
0.7300000000000002 -0.5399999999999999 0.5900000000000001
0.7300000000000002 -0.5399999999999999 0.6100000000000001
0.7300000000000002 -0.5199999999999999 0.5900000000000001
0.7300000000000002 -0.5199999999999999 0.6100000000000001
0.7300000000000002 -0.4999999999999999 0.5900000000000001
0.7300000000000002 -0.4999999999999999 0.6100000000000001
0.7300000000000002 -0.47999999999999987 0.5900000000000001
0.7300000000000002 -0.47999999999999987 0.6100000000000001
0.7300000000000002 -0.45999999999999985 0.5900000000000001
0.7300000000000002 -0.45999999999999985 0.6100000000000001
0.7300000000000002 -0.43999999999999984 0.5900000000000001
0.7300000000000002 -0.43999999999999984 0.6100000000000001
0.7300000000000002 -0.4199999999999998 0.5900000000000001
0.7300000000000002 -0.4199999999999998 0.6100000000000001
0.7300000000000002 -0.3999999999999998 0.5900000000000001
0.7300000000000002 -0.3999999999999998 0.6100000000000001
0.7300000000000002 -0.3799999999999998 0.5900000000000001
0.7300000000000002 -0.3799999999999998 0.6100000000000001
0.7300000000000002 -0.35999999999999976 0.5900000000000001
0.7300000000000002 -0.35999999999999976 0.6100000000000001
0.7300000000000002 -0.33999999999999975 0.5900000000000001
0.7300000000000002 -0.33999999999999975 0.6100000000000001
0.7300000000000002 -0.31999999999999973 0.5900000000000001
0.7300000000000002 -0.31999999999999973 0.6100000000000001
0.7300000000000002 -0.2999999999999997 0.5900000000000001
0.7300000000000002 -0.2999999999999997 0.6100000000000001
0.7300000000000002 -0.2799999999999997 0.5900000000000001
0.7300000000000002 -0.2799999999999997 0.6100000000000001
0.7300000000000002 -0.2599999999999997 0.5900000000000001
0.7300000000000002 -0.2599999999999997 0.6100000000000001
0.7300000000000002 -0.23999999999999966 0.5900000000000001
0.7300000000000002 -0.23999999999999966 0.6100000000000001
0.7300000000000002 -0.21999999999999964 0.5900000000000001
0.7300000000000002 -0.21999999999999964 0.6100000000000001
0.7300000000000002 -0.19999999999999962 0.5900000000000001
0.7300000000000002 -0.19999999999999962 0.6100000000000001
0.7300000000000002 -0.1799999999999996 0.5900000000000001
0.7300000000000002 -0.1799999999999996 0.6100000000000001
0.7300000000000002 -0.1599999999999996 0.5900000000000001
0.7300000000000002 -0.1599999999999996 0.6100000000000001
0.7300000000000002 -0.13999999999999957 0.5900000000000001
0.7300000000000002 -0.13999999999999957 0.6100000000000001
0.7300000000000002 -0.11999999999999955 0.5900000000000001
0.7300000000000002 -0.11999999999999955 0.6100000000000001
0.7300000000000002 -0.09999999999999953 0.5900000000000001
0.7300000000000002 -0.09999999999999953 0.6100000000000001
0.7300000000000002 -0.07999999999999952 0.5900000000000001
0.7300000000000002 -0.07999999999999952 0.6100000000000001
0.7300000000000002 -0.0599999999999995 0.5900000000000001
0.7300000000000002 -0.0599999999999995 0.6100000000000001
0.7300000000000002 -0.03999999999999948 0.5900000000000001
0.7300000000000002 -0.03999999999999948 0.6100000000000001
0.7300000000000002 -0.019999999999999463 0.5900000000000001
0.7300000000000002 -0.019999999999999463 0.6100000000000001
0.7500000000000002 -0.66 0.5900000000000001
0.7500000000000002 -0.66 0.6100000000000001
0.7500000000000002 -0.64 0.5900000000000001
0.7500000000000002 -0.64 0.6100000000000001
0.7500000000000002 -0.62 0.5900000000000001
0.7500000000000002 -0.62 0.6100000000000001
0.7500000000000002 -0.6 0.5900000000000001
0.7500000000000002 -0.6 0.6100000000000001
0.7500000000000002 -0.58 0.5900000000000001
0.7500000000000002 -0.58 0.6100000000000001
0.7500000000000002 -0.5599999999999999 0.5900000000000001
0.7500000000000002 -0.5599999999999999 0.6100000000000001
0.7500000000000002 -0.5399999999999999 0.5900000000000001
0.7500000000000002 -0.5399999999999999 0.6100000000000001
0.7500000000000002 -0.5199999999999999 0.5900000000000001
0.7500000000000002 -0.5199999999999999 0.6100000000000001
0.7500000000000002 -0.4999999999999999 0.5900000000000001
0.7500000000000002 -0.4999999999999999 0.6100000000000001
0.7500000000000002 -0.47999999999999987 0.5900000000000001
0.7500000000000002 -0.47999999999999987 0.6100000000000001
0.7500000000000002 -0.45999999999999985 0.5900000000000001
0.7500000000000002 -0.45999999999999985 0.6100000000000001
0.7500000000000002 -0.43999999999999984 0.5900000000000001
0.7500000000000002 -0.43999999999999984 0.6100000000000001
0.7500000000000002 -0.4199999999999998 0.5900000000000001
0.7500000000000002 -0.4199999999999998 0.6100000000000001
0.7500000000000002 -0.3999999999999998 0.5900000000000001
0.7500000000000002 -0.3999999999999998 0.6100000000000001
0.7500000000000002 -0.3799999999999998 0.5900000000000001
0.7500000000000002 -0.3799999999999998 0.6100000000000001
0.7500000000000002 -0.35999999999999976 0.5900000000000001
0.7500000000000002 -0.35999999999999976 0.6100000000000001
0.7500000000000002 -0.33999999999999975 0.5900000000000001
0.7500000000000002 -0.33999999999999975 0.6100000000000001
0.7500000000000002 -0.31999999999999973 0.5900000000000001
0.7500000000000002 -0.31999999999999973 0.6100000000000001
0.7500000000000002 -0.2999999999999997 0.5900000000000001
0.7500000000000002 -0.2999999999999997 0.6100000000000001
0.7500000000000002 -0.2799999999999997 0.5900000000000001
0.7500000000000002 -0.2799999999999997 0.6100000000000001
0.7500000000000002 -0.2599999999999997 0.5900000000000001
0.7500000000000002 -0.2599999999999997 0.6100000000000001
0.7500000000000002 -0.23999999999999966 0.5900000000000001
0.7500000000000002 -0.23999999999999966 0.6100000000000001
0.7500000000000002 -0.21999999999999964 0.5900000000000001
0.7500000000000002 -0.21999999999999964 0.6100000000000001
0.7500000000000002 -0.19999999999999962 0.5900000000000001
0.7500000000000002 -0.19999999999999962 0.6100000000000001
0.7500000000000002 -0.1799999999999996 0.5900000000000001
0.7500000000000002 -0.1799999999999996 0.6100000000000001
0.7500000000000002 -0.1599999999999996 0.5900000000000001
0.7500000000000002 -0.1599999999999996 0.6100000000000001
0.7500000000000002 -0.13999999999999957 0.5900000000000001
0.7500000000000002 -0.13999999999999957 0.6100000000000001
0.7500000000000002 -0.11999999999999955 0.5900000000000001
0.7500000000000002 -0.11999999999999955 0.6100000000000001
0.7500000000000002 -0.09999999999999953 0.5900000000000001
0.7500000000000002 -0.09999999999999953 0.6100000000000001
0.7500000000000002 -0.07999999999999952 0.5900000000000001
0.7500000000000002 -0.07999999999999952 0.6100000000000001
0.7500000000000002 -0.0599999999999995 0.5900000000000001
0.7500000000000002 -0.0599999999999995 0.6100000000000001
0.7500000000000002 -0.03999999999999948 0.5900000000000001
0.7500000000000002 -0.03999999999999948 0.6100000000000001
0.7500000000000002 -0.019999999999999463 0.5900000000000001
0.7500000000000002 -0.019999999999999463 0.6100000000000001
0.7700000000000002 -0.66 0.5900000000000001
0.7700000000000002 -0.66 0.6100000000000001
0.7700000000000002 -0.64 0.5900000000000001
0.7700000000000002 -0.64 0.6100000000000001
0.7700000000000002 -0.62 0.5900000000000001
0.7700000000000002 -0.62 0.6100000000000001
0.7700000000000002 -0.6 0.5900000000000001
0.7700000000000002 -0.6 0.6100000000000001
0.7700000000000002 -0.58 0.5900000000000001
0.7700000000000002 -0.58 0.6100000000000001
0.7700000000000002 -0.5599999999999999 0.5900000000000001
0.7700000000000002 -0.5599999999999999 0.6100000000000001
0.7700000000000002 -0.5399999999999999 0.5900000000000001
0.7700000000000002 -0.5399999999999999 0.6100000000000001
0.7700000000000002 -0.5199999999999999 0.5900000000000001
0.7700000000000002 -0.5199999999999999 0.6100000000000001
0.7700000000000002 -0.4999999999999999 0.5900000000000001
0.7700000000000002 -0.4999999999999999 0.6100000000000001
0.7700000000000002 -0.47999999999999987 0.5900000000000001
0.7700000000000002 -0.47999999999999987 0.6100000000000001
0.7700000000000002 -0.45999999999999985 0.5900000000000001
0.7700000000000002 -0.45999999999999985 0.6100000000000001
0.7700000000000002 -0.43999999999999984 0.5900000000000001
0.7700000000000002 -0.43999999999999984 0.6100000000000001
0.7700000000000002 -0.4199999999999998 0.5900000000000001
0.7700000000000002 -0.4199999999999998 0.6100000000000001
0.7700000000000002 -0.3999999999999998 0.5900000000000001
0.7700000000000002 -0.3999999999999998 0.6100000000000001
0.7700000000000002 -0.3799999999999998 0.5900000000000001
0.7700000000000002 -0.3799999999999998 0.6100000000000001
0.7700000000000002 -0.35999999999999976 0.5900000000000001
0.7700000000000002 -0.35999999999999976 0.6100000000000001
0.7700000000000002 -0.33999999999999975 0.5900000000000001
0.7700000000000002 -0.33999999999999975 0.6100000000000001
0.7700000000000002 -0.31999999999999973 0.5900000000000001
0.7700000000000002 -0.31999999999999973 0.6100000000000001
0.7700000000000002 -0.2999999999999997 0.5900000000000001
0.7700000000000002 -0.2999999999999997 0.6100000000000001
0.7700000000000002 -0.2799999999999997 0.5900000000000001
0.7700000000000002 -0.2799999999999997 0.6100000000000001
0.7700000000000002 -0.2599999999999997 0.5900000000000001
0.7700000000000002 -0.2599999999999997 0.6100000000000001
0.7700000000000002 -0.23999999999999966 0.5900000000000001
0.7700000000000002 -0.23999999999999966 0.6100000000000001
0.7700000000000002 -0.21999999999999964 0.5900000000000001
0.7700000000000002 -0.21999999999999964 0.6100000000000001
0.7700000000000002 -0.19999999999999962 0.5900000000000001
0.7700000000000002 -0.19999999999999962 0.6100000000000001
0.7700000000000002 -0.1799999999999996 0.5900000000000001
0.7700000000000002 -0.1799999999999996 0.6100000000000001
0.7700000000000002 -0.1599999999999996 0.5900000000000001
0.7700000000000002 -0.1599999999999996 0.6100000000000001
0.7700000000000002 -0.13999999999999957 0.5900000000000001
0.7700000000000002 -0.13999999999999957 0.6100000000000001
0.7700000000000002 -0.11999999999999955 0.5900000000000001
0.7700000000000002 -0.11999999999999955 0.6100000000000001
0.7700000000000002 -0.09999999999999953 0.5900000000000001
0.7700000000000002 -0.09999999999999953 0.6100000000000001
0.7700000000000002 -0.07999999999999952 0.5900000000000001
0.7700000000000002 -0.07999999999999952 0.6100000000000001
0.7700000000000002 -0.0599999999999995 0.5900000000000001
0.7700000000000002 -0.0599999999999995 0.6100000000000001
0.7700000000000002 -0.03999999999999948 0.5900000000000001
0.7700000000000002 -0.03999999999999948 0.6100000000000001
0.7700000000000002 -0.019999999999999463 0.5900000000000001
0.7700000000000002 -0.019999999999999463 0.6100000000000001
0.7900000000000003 -0.64 0.5900000000000001
0.7900000000000003 -0.64 0.6100000000000001
0.7900000000000003 -0.62 0.5900000000000001
0.7900000000000003 -0.62 0.6100000000000001
0.7900000000000003 -0.6 0.5900000000000001
0.7900000000000003 -0.6 0.6100000000000001
0.7900000000000003 -0.58 0.5900000000000001
0.7900000000000003 -0.58 0.6100000000000001
0.7900000000000003 -0.5599999999999999 0.5900000000000001
0.7900000000000003 -0.5599999999999999 0.6100000000000001
0.7900000000000003 -0.5399999999999999 0.5900000000000001
0.7900000000000003 -0.5399999999999999 0.6100000000000001
0.7900000000000003 -0.5199999999999999 0.5900000000000001
0.7900000000000003 -0.5199999999999999 0.6100000000000001
0.7900000000000003 -0.4999999999999999 0.5900000000000001
0.7900000000000003 -0.4999999999999999 0.6100000000000001
0.7900000000000003 -0.47999999999999987 0.5900000000000001
0.7900000000000003 -0.47999999999999987 0.6100000000000001
0.7900000000000003 -0.45999999999999985 0.5900000000000001
0.7900000000000003 -0.45999999999999985 0.6100000000000001
0.7900000000000003 -0.43999999999999984 0.5900000000000001
0.7900000000000003 -0.43999999999999984 0.6100000000000001
0.7900000000000003 -0.4199999999999998 0.5900000000000001
0.7900000000000003 -0.4199999999999998 0.6100000000000001
0.7900000000000003 -0.3999999999999998 0.5900000000000001
0.7900000000000003 -0.3999999999999998 0.6100000000000001
0.7900000000000003 -0.3799999999999998 0.5900000000000001
0.7900000000000003 -0.3799999999999998 0.6100000000000001
0.7900000000000003 -0.35999999999999976 0.5900000000000001
0.7900000000000003 -0.35999999999999976 0.6100000000000001
0.7900000000000003 -0.33999999999999975 0.5900000000000001
0.7900000000000003 -0.33999999999999975 0.6100000000000001
0.7900000000000003 -0.31999999999999973 0.5900000000000001
0.7900000000000003 -0.31999999999999973 0.6100000000000001
0.7900000000000003 -0.2999999999999997 0.5900000000000001
0.7900000000000003 -0.2999999999999997 0.6100000000000001
0.7900000000000003 -0.2799999999999997 0.5900000000000001
0.7900000000000003 -0.2799999999999997 0.6100000000000001
0.7900000000000003 -0.2599999999999997 0.5900000000000001
0.7900000000000003 -0.2599999999999997 0.6100000000000001
0.7900000000000003 -0.23999999999999966 0.5900000000000001
0.7900000000000003 -0.23999999999999966 0.6100000000000001
0.7900000000000003 -0.21999999999999964 0.5900000000000001
0.7900000000000003 -0.21999999999999964 0.6100000000000001
0.7900000000000003 -0.19999999999999962 0.5900000000000001
0.7900000000000003 -0.19999999999999962 0.6100000000000001
0.7900000000000003 -0.1799999999999996 0.5900000000000001
0.7900000000000003 -0.1799999999999996 0.6100000000000001
0.7900000000000003 -0.1599999999999996 0.5900000000000001
0.7900000000000003 -0.1599999999999996 0.6100000000000001
0.7900000000000003 -0.13999999999999957 0.5900000000000001
0.7900000000000003 -0.13999999999999957 0.6100000000000001
0.7900000000000003 -0.11999999999999955 0.5900000000000001
0.7900000000000003 -0.11999999999999955 0.6100000000000001
0.7900000000000003 -0.09999999999999953 0.5900000000000001
0.7900000000000003 -0.09999999999999953 0.6100000000000001
0.7900000000000003 -0.07999999999999952 0.5900000000000001
0.7900000000000003 -0.07999999999999952 0.6100000000000001
0.7900000000000003 -0.0599999999999995 0.5900000000000001
0.7900000000000003 -0.0599999999999995 0.6100000000000001
0.7900000000000003 -0.03999999999999948 0.5900000000000001
0.7900000000000003 -0.03999999999999948 0.6100000000000001
0.7900000000000003 -0.019999999999999463 0.5900000000000001
0.7900000000000003 -0.019999999999999463 0.6100000000000001
0.8100000000000003 -0.62 0.6100000000000001
0.8100000000000003 -0.6 0.5900000000000001
0.8100000000000003 -0.6 0.6100000000000001
0.8100000000000003 -0.58 0.5900000000000001
0.8100000000000003 -0.58 0.6100000000000001
0.8100000000000003 -0.5599999999999999 0.5900000000000001
0.8100000000000003 -0.5599999999999999 0.6100000000000001
0.8100000000000003 -0.5399999999999999 0.5900000000000001
0.8100000000000003 -0.5399999999999999 0.6100000000000001
0.8100000000000003 -0.5199999999999999 0.5900000000000001
0.8100000000000003 -0.5199999999999999 0.6100000000000001
0.8100000000000003 -0.4999999999999999 0.5900000000000001
0.8100000000000003 -0.4999999999999999 0.6100000000000001
0.8100000000000003 -0.47999999999999987 0.5900000000000001
0.8100000000000003 -0.47999999999999987 0.6100000000000001
0.8100000000000003 -0.45999999999999985 0.5900000000000001
0.8100000000000003 -0.45999999999999985 0.6100000000000001
0.8100000000000003 -0.43999999999999984 0.5900000000000001
0.8100000000000003 -0.43999999999999984 0.6100000000000001
0.8100000000000003 -0.4199999999999998 0.5900000000000001
0.8100000000000003 -0.4199999999999998 0.6100000000000001
0.8100000000000003 -0.3999999999999998 0.5900000000000001
0.8100000000000003 -0.3999999999999998 0.6100000000000001
0.8100000000000003 -0.3799999999999998 0.5900000000000001
0.8100000000000003 -0.3799999999999998 0.6100000000000001
0.8100000000000003 -0.35999999999999976 0.5900000000000001
0.8100000000000003 -0.35999999999999976 0.6100000000000001
0.8100000000000003 -0.33999999999999975 0.5900000000000001
0.8100000000000003 -0.33999999999999975 0.6100000000000001
0.8100000000000003 -0.31999999999999973 0.5900000000000001
0.8100000000000003 -0.31999999999999973 0.6100000000000001
0.8100000000000003 -0.2999999999999997 0.5900000000000001
0.8100000000000003 -0.2999999999999997 0.6100000000000001
0.8100000000000003 -0.2799999999999997 0.5900000000000001
0.8100000000000003 -0.2799999999999997 0.6100000000000001
0.8100000000000003 -0.2599999999999997 0.5900000000000001
0.8100000000000003 -0.2599999999999997 0.6100000000000001
0.8100000000000003 -0.23999999999999966 0.5900000000000001
0.8100000000000003 -0.23999999999999966 0.6100000000000001
0.8100000000000003 -0.21999999999999964 0.5900000000000001
0.8100000000000003 -0.21999999999999964 0.6100000000000001
0.8100000000000003 -0.19999999999999962 0.5900000000000001
0.8100000000000003 -0.19999999999999962 0.6100000000000001
0.8100000000000003 -0.1799999999999996 0.5900000000000001
0.8100000000000003 -0.1799999999999996 0.6100000000000001
0.8100000000000003 -0.1599999999999996 0.5900000000000001
0.8100000000000003 -0.1599999999999996 0.6100000000000001
0.8100000000000003 -0.13999999999999957 0.5900000000000001
0.8100000000000003 -0.13999999999999957 0.6100000000000001
0.8100000000000003 -0.11999999999999955 0.5900000000000001
0.8100000000000003 -0.11999999999999955 0.6100000000000001
0.8100000000000003 -0.09999999999999953 0.5900000000000001
0.8100000000000003 -0.09999999999999953 0.6100000000000001
0.8100000000000003 -0.07999999999999952 0.5900000000000001
0.8100000000000003 -0.07999999999999952 0.6100000000000001
0.8100000000000003 -0.0599999999999995 0.5900000000000001
0.8100000000000003 -0.0599999999999995 0.6100000000000001
0.8100000000000003 -0.03999999999999948 0.5900000000000001
0.8100000000000003 -0.03999999999999948 0.6100000000000001
0.8100000000000003 -0.019999999999999463 0.5900000000000001
0.8100000000000003 -0.019999999999999463 0.6100000000000001
0.8300000000000003 -0.58 0.6100000000000001
0.8300000000000003 -0.5599999999999999 0.6100000000000001
0.8300000000000003 -0.5399999999999999 0.5900000000000001
0.8300000000000003 -0.5399999999999999 0.6100000000000001
0.8300000000000003 -0.5199999999999999 0.5900000000000001
0.8300000000000003 -0.5199999999999999 0.6100000000000001
0.8300000000000003 -0.4999999999999999 0.5900000000000001
0.8300000000000003 -0.4999999999999999 0.6100000000000001
0.8300000000000003 -0.47999999999999987 0.5900000000000001
0.8300000000000003 -0.47999999999999987 0.6100000000000001
0.8300000000000003 -0.45999999999999985 0.5900000000000001
0.8300000000000003 -0.45999999999999985 0.6100000000000001
0.8300000000000003 -0.43999999999999984 0.5900000000000001
0.8300000000000003 -0.43999999999999984 0.6100000000000001
0.8300000000000003 -0.4199999999999998 0.5900000000000001
0.8300000000000003 -0.4199999999999998 0.6100000000000001
0.8300000000000003 -0.3999999999999998 0.5900000000000001
0.8300000000000003 -0.3999999999999998 0.6100000000000001
0.8300000000000003 -0.3799999999999998 0.5900000000000001
0.8300000000000003 -0.3799999999999998 0.6100000000000001
0.8300000000000003 -0.35999999999999976 0.5900000000000001
0.8300000000000003 -0.35999999999999976 0.6100000000000001
0.8300000000000003 -0.33999999999999975 0.5900000000000001
0.8300000000000003 -0.33999999999999975 0.6100000000000001
0.8300000000000003 -0.31999999999999973 0.5900000000000001
0.8300000000000003 -0.31999999999999973 0.6100000000000001
0.8300000000000003 -0.2999999999999997 0.5900000000000001
0.8300000000000003 -0.2999999999999997 0.6100000000000001
0.8300000000000003 -0.2799999999999997 0.5900000000000001
0.8300000000000003 -0.2799999999999997 0.6100000000000001
0.8300000000000003 -0.2599999999999997 0.5900000000000001
0.8300000000000003 -0.2599999999999997 0.6100000000000001
0.8300000000000003 -0.23999999999999966 0.5900000000000001
0.8300000000000003 -0.23999999999999966 0.6100000000000001
0.8300000000000003 -0.21999999999999964 0.5900000000000001
0.8300000000000003 -0.21999999999999964 0.6100000000000001
0.8300000000000003 -0.19999999999999962 0.5900000000000001
0.8300000000000003 -0.19999999999999962 0.6100000000000001
0.8300000000000003 -0.1799999999999996 0.5900000000000001
0.8300000000000003 -0.1799999999999996 0.6100000000000001
0.8300000000000003 -0.1599999999999996 0.5900000000000001
0.8300000000000003 -0.1599999999999996 0.6100000000000001
0.8300000000000003 -0.13999999999999957 0.5900000000000001
0.8300000000000003 -0.13999999999999957 0.6100000000000001
0.8300000000000003 -0.11999999999999955 0.5900000000000001
0.8300000000000003 -0.11999999999999955 0.6100000000000001
0.8300000000000003 -0.09999999999999953 0.5900000000000001
0.8300000000000003 -0.09999999999999953 0.6100000000000001
0.8300000000000003 -0.07999999999999952 0.5900000000000001
0.8300000000000003 -0.07999999999999952 0.6100000000000001
0.8300000000000003 -0.0599999999999995 0.5900000000000001
0.8300000000000003 -0.0599999999999995 0.6100000000000001
0.8300000000000003 -0.03999999999999948 0.5900000000000001
0.8300000000000003 -0.03999999999999948 0.6100000000000001
0.8300000000000003 -0.019999999999999463 0.6100000000000001
0.8500000000000003 -0.5199999999999999 0.6100000000000001
0.8500000000000003 -0.4999999999999999 0.5900000000000001
0.8500000000000003 -0.4999999999999999 0.6100000000000001
0.8500000000000003 -0.47999999999999987 0.5900000000000001
0.8500000000000003 -0.47999999999999987 0.6100000000000001
0.8500000000000003 -0.45999999999999985 0.5900000000000001
0.8500000000000003 -0.45999999999999985 0.6100000000000001
0.8500000000000003 -0.43999999999999984 0.5900000000000001
0.8500000000000003 -0.43999999999999984 0.6100000000000001
0.8500000000000003 -0.4199999999999998 0.5900000000000001
0.8500000000000003 -0.4199999999999998 0.6100000000000001
0.8500000000000003 -0.3999999999999998 0.5900000000000001
0.8500000000000003 -0.3999999999999998 0.6100000000000001
0.8500000000000003 -0.3799999999999998 0.5900000000000001
0.8500000000000003 -0.3799999999999998 0.6100000000000001
0.8500000000000003 -0.35999999999999976 0.5900000000000001
0.8500000000000003 -0.35999999999999976 0.6100000000000001
0.8500000000000003 -0.33999999999999975 0.5900000000000001
0.8500000000000003 -0.33999999999999975 0.6100000000000001
0.8500000000000003 -0.31999999999999973 0.5900000000000001
0.8500000000000003 -0.31999999999999973 0.6100000000000001
0.8500000000000003 -0.2999999999999997 0.5900000000000001
0.8500000000000003 -0.2999999999999997 0.6100000000000001
0.8500000000000003 -0.2799999999999997 0.5900000000000001
0.8500000000000003 -0.2799999999999997 0.6100000000000001
0.8500000000000003 -0.2599999999999997 0.5900000000000001
0.8500000000000003 -0.2599999999999997 0.6100000000000001
0.8500000000000003 -0.23999999999999966 0.5900000000000001
0.8500000000000003 -0.23999999999999966 0.6100000000000001
0.8500000000000003 -0.21999999999999964 0.5900000000000001
0.8500000000000003 -0.21999999999999964 0.6100000000000001
0.8500000000000003 -0.19999999999999962 0.5900000000000001
0.8500000000000003 -0.19999999999999962 0.6100000000000001
0.8500000000000003 -0.1799999999999996 0.5900000000000001
0.8500000000000003 -0.1799999999999996 0.6100000000000001
0.8500000000000003 -0.1599999999999996 0.5900000000000001
0.8500000000000003 -0.1599999999999996 0.6100000000000001
0.8500000000000003 -0.13999999999999957 0.5900000000000001
0.8500000000000003 -0.13999999999999957 0.6100000000000001
0.8500000000000003 -0.11999999999999955 0.5900000000000001
0.8500000000000003 -0.11999999999999955 0.6100000000000001
0.8500000000000003 -0.09999999999999953 0.5900000000000001
0.8500000000000003 -0.09999999999999953 0.6100000000000001
0.8500000000000003 -0.07999999999999952 0.5900000000000001
0.8500000000000003 -0.07999999999999952 0.6100000000000001
0.8500000000000003 -0.0599999999999995 0.6100000000000001
0.8700000000000003 -0.45999999999999985 0.6100000000000001
0.8700000000000003 -0.43999999999999984 0.6100000000000001
0.8700000000000003 -0.4199999999999998 0.5900000000000001
0.8700000000000003 -0.4199999999999998 0.6100000000000001
0.8700000000000003 -0.3999999999999998 0.5900000000000001
0.8700000000000003 -0.3999999999999998 0.6100000000000001
0.8700000000000003 -0.3799999999999998 0.5900000000000001
0.8700000000000003 -0.3799999999999998 0.6100000000000001
0.8700000000000003 -0.35999999999999976 0.5900000000000001
0.8700000000000003 -0.35999999999999976 0.6100000000000001
0.8700000000000003 -0.33999999999999975 0.5900000000000001
0.8700000000000003 -0.33999999999999975 0.6100000000000001
0.8700000000000003 -0.31999999999999973 0.5900000000000001
0.8700000000000003 -0.31999999999999973 0.6100000000000001
0.8700000000000003 -0.2999999999999997 0.5900000000000001
0.8700000000000003 -0.2999999999999997 0.6100000000000001
0.8700000000000003 -0.2799999999999997 0.5900000000000001
0.8700000000000003 -0.2799999999999997 0.6100000000000001
0.8700000000000003 -0.2599999999999997 0.5900000000000001
0.8700000000000003 -0.2599999999999997 0.6100000000000001
0.8700000000000003 -0.23999999999999966 0.5900000000000001
0.8700000000000003 -0.23999999999999966 0.6100000000000001
0.8700000000000003 -0.21999999999999964 0.5900000000000001
0.8700000000000003 -0.21999999999999964 0.6100000000000001
0.8700000000000003 -0.19999999999999962 0.5900000000000001
0.8700000000000003 -0.19999999999999962 0.6100000000000001
0.8700000000000003 -0.1799999999999996 0.5900000000000001
0.8700000000000003 -0.1799999999999996 0.6100000000000001
0.8700000000000003 -0.1599999999999996 0.5900000000000001
0.8700000000000003 -0.1599999999999996 0.6100000000000001
0.8700000000000003 -0.13999999999999957 0.6100000000000001
0.8700000000000003 -0.11999999999999955 0.6100000000000001
0.8900000000000003 -0.33999999999999975 0.6100000000000001
0.8900000000000003 -0.31999999999999973 0.6100000000000001
0.8900000000000003 -0.2999999999999997 0.6100000000000001
0.8900000000000003 -0.2799999999999997 0.6100000000000001
0.8900000000000003 -0.2599999999999997 0.6100000000000001
