2000 -0.258654667139 1.40140868581 -0.147415461272 -1.24838296992 1.7532524584 1.82023553719 1.10859375102 
2001 2.22180344593 -1.70974785874 2.19935692688 1.3934496464 0.484014399416 1.28537990201 -0.619904406962 
2000 529 0.990732497182
2000 131 1.06620546456
2000 1226 1.06841473172
2000 34 1.12391308246
2000 1970 1.13319865694
2000 903 1.21598681229
2000 922 1.39623285468
2000 307 1.39764912291
2000 400 1.49291690338
2000 934 1.56127592547
2000 1587 1.62036051665
2000 1016 1.62465509789
2000 1202 1.63324964634
2000 73 1.64790620975
2000 182 1.65816136921
2001 62 0.883094747997
2001 1605 1.07437997761
2001 519 1.28560486403
2001 1908 1.3480417899
2001 1760 1.37750417548
2001 600 1.38406641785
2001 1385 1.47843957848
2001 1962 1.51991534694
2001 916 1.52382864708
2001 39 1.52810024137
2001 1565 1.58252305724
2001 883 1.64679417474
2001 63 1.67428836467
2001 1405 1.68135482417
2001 693 1.682255951
