2000 -0.879158496857 1.78083252907 1.03552818298 -1.02280068398 -0.189499780536 -1.42389857769 -2.58283281326 
2001 2.89372466218 -1.83707515289 -0.031117476435 0.352658090258 1.69940327227 -1.75190138107 0.446000829834 
2000 74 1.01706514158
2000 1678 1.2038430121
2000 1684 1.36971622293
2000 1535 1.60242314929
2000 603 1.65755978545
2000 532 1.67507719508
2000 827 1.67870692198
2000 996 1.68131241206
2000 1021 1.71997826415
2000 1659 1.72572385061
2000 289 1.74105585092
2000 606 1.82140764876
2000 37 1.86057896115
2000 87 1.87583525637
2000 366 1.87683957175
2001 78 1.198447852
2001 1449 1.45229186451
2001 183 1.56665880479
2001 650 1.81711945805
2001 1081 1.83752307113
2001 522 1.85878227604
2001 223 1.86998265012
2001 1816 1.88508172594
2001 1304 1.88825108524
2001 1553 1.94079661537
2001 102 1.94087356624
2001 252 1.97863274124
2001 261 1.98745865323
2001 1023 2.00242971461
2001 225 2.00979166825
