2000 0.0 0.0 0.0 -0.199994638562 0.0 0.0 0.0 
2001 -1.49595911656 -0.909699073266 -0.172238464283 1.8778882043 1.38226721318 1.19808573698 -2.7746551961 
2000 1468 1.33033644194
2000 1339 1.80016033449
2000 697 1.95868363911
2000 70 2.0512816944
2000 493 2.07309241416
2000 400 2.07821172568
2000 352 2.07923877865
2000 935 2.08239631921
2000 1314 2.08964122009
2000 1972 2.10534928049
2000 287 2.1431051273
2000 125 2.1548633916
2000 1964 2.16318906101
2000 294 2.18356400412
2000 1130 2.18608856531
2001 6 1.38473112032
2001 853 1.73110407213
2001 239 1.87880716098
2001 764 2.07226295379
2001 156 2.14271036222
2001 405 2.38110310011
2001 625 2.38602751309
2001 1884 2.42723196795
2001 1598 2.49649527219
2001 1293 2.51419170129
2001 1848 2.60362900986
2001 1016 2.68425658446
2001 26 2.72395287396
2001 974 2.73037655751
2001 1246 2.78631351912
