2000 1.23654198647 0.855501115322 -0.299156606197 -1.76322734356 1.47758793831 -0.691096305847 -0.831598103046 
2001 0.664770130138 1.20725251987 0.415636576563 -0.341811264178 0.535516503864 -1.51089038144 -0.869204656211 
2000 1428 1.386375883
2000 1339 1.58611618628
2000 786 1.62889721619
2000 1939 1.64020893198
2000 1130 1.70935696163
2000 298 1.83378010204
2000 1468 1.83490603545
2000 1656 1.84824823609
2000 347 1.88613492871
2000 1270 1.97020498334
2000 1802 1.97028850769
2000 1175 2.01098755293
2000 65 2.03603510607
2000 1545 2.07279322257
2000 113 2.09681384063
2001 1049 1.54651150531
2001 1469 1.55033602431
2001 369 1.63360132569
2001 1964 1.67817613485
2001 1339 1.72839480465
2001 315 1.80306883557
2001 1314 1.82304033368
2001 925 1.83235156807
2001 1790 1.91322135606
2001 1621 1.92625895526
2001 935 1.94321432956
2001 125 1.97518039754
2001 352 1.97693245736
2001 1972 2.0044773808
2001 1468 2.01094749343
