0 0.00749230602711 0.296327926967 2.32425030473
1 0.506544955327 1.28920769782 0.818530163119
2 0.375579082594 0.728439808824 1.85264626779
3 0.331899052958 1.13349286872 1.68732713769
4 -0.041890646213 0.926007413767 0.594356833322
5 0.646198827661 0.875091751 0.705749014015
6 -0.335218121481 0.949941297304 0.39866301281
7 0.116216099646 1.18424344079 1.07511288369
8 -0.03669963024 0.44322209209 0.611033557054
9 0.700770416672 1.27417634478 1.04270782766
10 -0.506481484333 0.693522301465 1.46428474626
11 0.729319835628 0.686638083987 0.867335967619
12 0.704198148855 -0.263150264387 1.09048907756
13 -0.237535649561 0.540061342207 0.528887693375
14 0.0348456934891 0.00466839383622 1.88773836739
15 0.838851348655 -0.106053665931 1.7208423607
16 0.781904459628 -0.372912232348 1.46686169816
17 0.768297166357 0.637783632585 1.00583146682
18 0.168880020758 0.578932633462 1.9397661522
19 -0.408592679159 -0.179425393056 1.49316085365
20 -0.0657798756088 0.706212501597 1.86728049153
21 0.513247233635 -0.107720262384 1.49846407793
22 -0.261849779821 -0.0560930371739 1.49880274938
23 0.751341106955 0.0645094372964 0.854139586261
24 0.583660935507 0.0249198489215 1.52978752465
25 -0.541489817888 0.43231207249 0.706561260529
26 0.505515933656 0.0908538813431 0.659604203818
27 -0.475543292813 0.563198571838 2.05767635527
28 0.191249948739 1.2263327735 1.01920043123
29 0.667074378679 0.938279054511 1.74879069915
30 -0.0681625435536 0.361880313293 1.60300903502
31 0.812503217953 1.11689556425 0.854948212657
32 0.324364656863 1.10389258018 0.414887772123
33 0.00285556805429 0.75134753627 0.694175868502
34 0.193997162518 0.831381253346 1.76508117815
35 0.937426502765 0.653381148841 1.00112651621
36 -0.745928039011 0.905324867184 1.53666152973
37 1.2015060798 0.798346815622 1.09563649687
38 0.590210676609 0.862564206984 1.62415743131
39 -0.443691274407 0.837346841677 1.22073015986
40 0.748991942972 1.01430343991 1.52837803629
41 -0.144333345676 0.832516871621 2.03771891043
42 -0.213194392458 1.2254932741 1.19205343445
43 -0.367352461625 0.446107694162 2.0284449016
44 0.549577069457 0.899791649127 0.533991129119
45 -0.656993390777 0.572464853653 1.07941327125
46 0.310417451078 -0.280636612717 1.70847032518
47 -0.698708171737 0.544089156819 1.74337694796
48 -0.609820386214 -0.00696623429241 1.33843691959
49 1.07874336551 0.130408906221 1.38154490736
50 -0.473994041776 0.536017735476 1.34949399553
51 0.85217996965 -0.200445212804 1.99464474517
52 -0.0991770695346 0.52755212949 2.19857811371
53 0.274126385607 0.919734398188 0.351078121665
54 0.880184198803 0.718474345781 0.652774207265
55 -0.106015214762 -0.185629658443 0.995877693406
56 -0.289691775095 0.779568259506 1.98313510405
57 0.480966857435 -0.489791943893 0.741967364087
58 0.596142651013 0.535074857534 1.84415912687
59 0.01682729871 0.975326106078 1.77425384039
60 0.592069342004 0.734265184854 1.84460979107
61 -0.214660492984 0.486891414813 1.90575494109
62 0.0850287629124 0.810083281783 0.549606961189
63 0.0542531875222 -0.208369307908 1.97331557443
64 0.0237840937384 0.539214370801 2.1407061252
65 0.810434886041 0.482590558165 1.75243956658
66 -0.557000897303 0.983580485795 1.2199253597
67 0.909062319049 0.472452011409 1.32134742045
68 0.247326962243 0.878572605778 1.6242195889
69 0.301178251601 1.35919403718 1.21600391105
70 0.0770176166548 0.851565147149 2.14174920977
71 -0.162238650694 0.424666565027 2.15143735368
72 -0.271958730527 0.981626138848 1.3289511099
73 0.831990754818 1.11335960038 1.16145516169
74 0.0925310929129 0.748290451319 1.84979522712
75 0.198360093423 0.534254028634 2.28135569761
76 0.0804492090925 -0.521595469039 1.86288821764
77 0.256250880582 0.646353859222 1.99956944623
78 -0.00462096090349 0.179151801566 1.68323380673
79 -0.392770141569 1.2804579945 1.29391946821
80 -0.0757823775164 0.993738709561 1.98668000092
81 -0.552145629022 0.521457103818 1.90173748847
82 0.698587612735 -0.176723578555 1.70084154661
83 -0.0799794406428 0.335783135963 0.479072950292
84 0.531238616176 1.11737798616 0.994835394623
85 0.147026590374 1.40292967556 0.867677881296
86 -0.477631293592 0.0646927557812 1.68967795857
87 0.355801891197 0.856969275853 1.62109529275
88 -0.402032460437 0.712675266627 2.02539093448
89 0.667148065834 0.963869916027 1.33662593563
90 -0.522657139659 0.532363975054 1.90346651601
91 0.509942052471 -0.159613868746 0.803454474236
92 -0.0721361466315 0.344076540783 2.23372261308
93 0.319325019838 0.836453552394 0.246526869854
94 1.0831825131 0.371030364249 1.22620986122
95 0.533449276876 1.19351410112 1.20115459033
96 0.0844239314223 0.996167605752 0.909222371064
97 0.554221387674 -0.195685614836 1.31756099896
98 -0.876764889067 0.078367109516 1.4249607765
99 0.381986434771 0.639457826366 0.277727197477
100 -0.110660014664 0.719306038222 0.956044067705
101 -0.689906391159 -0.252859593014 1.16765717637
102 -0.652322900158 0.270750535167 1.78769797417
103 0.807695014435 1.25740380951 1.40487341018
104 0.961267711208 0.912908605544 1.43445119435
105 -0.24519412626 0.882620471659 0.53607242903
106 0.527817622533 1.06642126348 0.592050624037
107 0.191551036342 0.810785093132 1.93328084763
108 0.105602131129 1.05096180378 1.15362713776
109 0.617465090517 0.310469521388 1.10221032146
110 -0.0331800119322 1.16696815148 0.44849770474
111 0.168002846965 0.932965470899 0.881003027726
112 0.309872094471 0.966595250618 0.481020030325
113 -0.253631087366 0.0902936771214 1.87601257193
114 0.955454194289 0.100132412041 1.78997875664
115 -0.411949491983 0.671858624801 0.763024230928
116 -0.213902023566 0.720830390138 1.82665343391
117 0.294580691017 1.12047246653 1.37882523023
118 -0.564056792863 0.357882290729 2.06837199765
119 0.454915765638 0.187211248448 0.480369766698
120 -0.0851325335089 0.695207802442 1.72867473341
121 -0.100088511319 1.3482792149 1.38561932854
122 -0.306875417337 0.801241528852 0.297764843283
123 -0.130133483591 1.05129985537 1.73761236272
124 1.29371355744 -0.0677967742326 1.49729485692
125 -0.0553779279666 0.350195992401 0.36498672338
126 1.09512220283 0.668164832129 0.598681157113
127 -0.704827407311 0.724338865662 0.899555040333
128 0.114624787138 1.02174576497 0.59383805474
129 0.00740600412022 0.452153245531 2.07950607599
130 0.0817819096419 0.872547447065 1.35871755961
131 0.0444358278277 0.866883984066 0.632335508413
132 -0.624393359578 -0.227174266373 0.623750939474
133 0.968061268132 0.398803624131 0.859833117672
134 -0.131884644391 0.173781582493 1.56313857306
135 0.0993479230822 0.355060370504 1.99804951316
136 -0.583203061949 0.19612321083 0.751782297195
137 0.315760655515 -0.00127061762222 1.69835991621
138 1.12654924447 0.577164710264 0.671163383126
139 -0.194743016773 1.0773080977 1.75820254268
140 0.508225535505 0.89598707987 0.408038251736
141 -0.498670857083 0.960596258409 0.735596229552
142 -0.0450241836902 0.194015411812 1.17222793619
143 0.446509623354 1.13712355091 0.752530431379
144 0.910297454126 0.544525426443 1.19463280709
145 0.231534270767 0.473944204837 0.567593747471
146 -0.395864967344 0.586216013029 2.02744470191
147 -0.0265826350919 1.33649690345 0.778408647093
148 0.175698652412 1.16216444139 1.7136716396
149 0.102714179497 1.06633513728 1.61790193983
150 0.93270304069 0.329510770423 1.80391774674
151 -0.70366818683 0.859577712758 1.45680460646
152 -0.770513068462 0.913017156875 1.11984590651
153 0.479257814927 0.0441270401384 1.60805406858
154 -0.383251556199 0.618679152318 0.831512257684
155 0.463222092139 0.328425382487 0.597304082261
156 0.571418101403 0.722570173186 1.44866138662
157 -0.0269861014241 1.08624227911 0.511493902267
158 -0.912842661851 0.601513502337 1.08032518025
159 0.557867621027 1.25329292275 0.75686580607
160 -0.564030733058 0.774984233384 1.80481252416
161 0.151651033012 1.13448152137 1.37679487701
162 -0.810247760745 0.513273437384 1.14012686047
163 0.387402153471 0.502106451331 0.426102228502
164 -0.0816829205548 0.482474768984 1.58203341386
165 -0.893344870486 0.565993668037 1.02402262281
166 0.304779805602 1.1160451879 1.15567396714
167 -0.654861861802 0.354888795581 1.59155095154
168 0.495872217632 0.786912115489 1.6213287156
169 1.00827309377 0.505533287883 1.43622276028
170 1.147707366 0.60574956946 0.962867305963
171 1.10920182842 -0.0358592609316 0.736830006839
172 0.954043667072 0.653049287063 1.27467317113
173 0.747652491785 1.1267821229 0.688955133379
174 -0.257620238041 1.32233208551 0.950408955904
175 -0.456629319525 0.662895496015 1.88293064385
176 0.198615808904 0.835070204277 0.378095494977
177 0.817194634391 0.61850752516 1.66297274046
178 -0.162804683187 1.1516784472 0.909317463851
179 0.393662018024 0.389051637178 0.0835265245246
180 1.15119611285 0.892787975632 1.45698422042
181 0.223018035204 1.08189333916 1.57774760996
182 0.669316136629 -0.0839935971098 0.843395104876
183 -0.411476649988 -0.276762389314 1.44531002693
184 -0.720826590158 0.666485299064 1.08980818876
185 -0.53055299952 0.577707801653 0.991483984132
186 -0.566030503505 -0.0173700173731 1.2089660346
187 0.338309055953 0.0130633170692 1.48045152599
188 0.495390930154 0.886652673679 1.46195340283
189 0.904851226256 0.112748067948 1.64933167978
190 0.0678814051267 1.22534561121 1.71010449753
191 0.302778497207 0.826657922879 0.967991926227
192 0.883566397149 -0.0248701453747 2.13193335285
193 0.535549562919 1.08290661437 0.949880500542
194 -0.0883681301668 1.38812347633 1.09563537103
195 0.0707228297468 1.29332358455 1.4131555985
196 0.967817069504 0.652006676852 0.661731058229
197 -0.666875132343 -0.00307093247496 1.81032286482
198 0.00835110781353 0.691818374912 1.29296523632
199 0.42970983287 0.863906933293 2.09845125618
200 -0.724629433478 0.414891366865 0.531594678573
201 0.203179049937 0.826263811192 0.181804707991
202 -0.415040170093 0.479793225207 1.16966028527
203 0.0475275382275 0.262074726861 0.574493105042
204 0.781485195898 0.138341010348 1.27765460542
205 -0.322111199989 0.498777516536 0.412557945877
206 -0.152321063849 0.652945950612 0.703745899944
207 -0.493601402738 0.739899950848 1.21777597525
208 0.409710549985 0.807680855462 1.97350562334
209 0.511019351613 -0.563251018716 1.21233523153
210 0.966621466898 -0.0763940685025 1.80990021329
211 -0.0548342274434 -0.24789501526 1.15185702017
212 -0.0569649367712 0.8905435241 1.78139796244
213 0.172338449695 0.460751179731 2.04013047137
214 0.28123802392 0.801900137998 0.156928226598
215 0.313047220102 0.647654875186 0.497763701013
216 0.558957896996 0.756884524501 0.485665662396
217 -0.519960493753 0.7212383814 1.0975726992
218 -0.0841962419625 0.39492679065 0.223736934439
219 0.010468244584 1.16520020468 1.94618359497
220 -0.413327052742 1.02104394941 0.914919086741
221 -0.351982647294 1.22825481848 1.1342070391
222 0.295252749974 0.311254941098 2.09156289626
223 0.508241436729 0.758401205227 1.83779672959
224 -0.333222360927 0.585831388049 2.15012383692
225 1.05514879713 1.00829210723 1.24117970933
226 0.207803575439 0.870444041578 1.83082297071
227 0.212556807291 0.485184404491 0.324562355075
228 -0.279933494163 0.879176628395 1.31840154572
229 0.8243365225 -0.0749783936777 1.35170572984
230 0.503749766925 -0.356787839604 1.50517678047
231 -0.835837231688 0.560469748213 0.689087880648
232 0.747936682237 0.788587218432 1.65324114657
233 0.240590183892 1.07606691634 1.8147799349
234 -0.76603393793 0.701830397065 0.638491225643
235 0.346876786611 -0.379212682262 1.81398870216
236 0.832886031739 0.485346909603 0.925348895057
237 0.713240975957 0.881156955692 1.02780302055
238 -0.78655522295 0.442407046159 1.69962593027
239 0.124693074026 0.96901641811 0.747663402951
240 0.248956913281 1.23660854781 1.10075025875
241 -0.42628345553 0.871334821702 0.912621876732
242 0.116155965404 0.262608849373 0.122931997129
243 0.298872823765 1.17027615568 0.618748515923
244 -0.483924937252 0.0933162400538 0.389155983735
245 0.666977895133 1.34051235684 1.13485390071
246 1.03320729642 0.503648836465 1.3018012125
247 -0.27235489148 0.903709474221 1.47808650356
248 0.0332853666829 1.25772479421 0.768656292974
249 0.125169953318 0.331810098374 2.05555480239
250 0.594868934516 0.617804811261 2.04082106191
251 0.378295467576 0.166702197793 2.31476759392
252 0.818447354196 0.0562715237184 0.773070965468
253 0.225467507291 0.647456572679 0.162113088561
254 0.178846837337 -0.202186446673 1.58235822793
255 0.0116248375413 0.845462341518 0.938203893598
256 -0.312127670574 0.755041012281 1.17068886997
257 -0.537659540967 0.128259131651 0.963460839881
258 0.458346020252 0.664001773703 1.829156696
259 -0.2984009473 0.84248169779 0.88939225373
260 -0.312168304064 -0.0652067572154 1.8660900774
261 0.621905595407 1.17136351291 0.951911691117
262 -0.526366853771 0.656464300842 0.995402726911
263 -0.670031329098 0.211752923111 1.37907100513
264 -0.428301909201 1.03021653664 0.982432037265
265 0.511240220822 0.648371767969 0.735821432439
266 -0.370674330714 1.12653964687 1.1658433843
267 -0.296129713711 -0.229095484387 1.29414718107
268 0.0600523655126 1.37670191265 0.946786389682
269 -0.462396121825 0.987801165441 0.90507768467
270 -0.597460747894 0.987338313033 1.19926463227
271 -0.505827494712 0.834780829559 1.1964382984
272 -0.22448430939 0.507430002678 0.262064317062
273 -0.0215463243921 0.055064094693 1.27569188107
274 0.535477341232 1.20400080989 0.932527821305
275 -0.540477997987 0.670672799507 0.760205845194
276 -0.0897134827899 1.3809821537 0.903075045422
277 0.386184469913 0.663631057564 0.620395141765
278 1.03886563998 0.17456487824 1.35087183259
279 -0.587451568316 0.866099295539 1.1902410456
280 -0.172900174489 0.547175312085 0.727399207966
281 0.227377394868 0.427503662076 2.00077962296
282 0.107286190771 0.518737689288 0.880503641783
283 0.0285981391343 1.10081025642 0.749403775406
284 -0.385565913095 0.182685105553 2.24281181287
285 0.423221721204 1.10898383499 1.99418054948
286 1.07819839266 0.0854196256813 1.44448726547
287 -0.570999090945 -0.13255244584 1.08138609959
288 -0.801897343305 0.281318804779 1.83694741239
289 0.157644389705 0.89801442916 1.98381054843
290 0.293897278515 0.508994910857 0.503132773543
291 0.78208815167 0.73578746158 1.2689268928
292 0.712901630142 0.88740050358 0.640117019351
293 -0.565284479031 1.06171653622 1.0890452733
294 0.185791095445 0.358151699558 1.60293916049
295 0.43292139101 0.663760304214 1.50427671973
296 0.195840745675 -0.171356365543 1.7324099205
297 0.442701065843 -0.00216780527114 0.863950249089
298 0.287599129103 1.14388762487 1.42075316136
299 -0.574920828384 0.606110173066 0.932832023714
300 0.395358469465 0.52334732975 0.534516379663
301 0.0182063196086 0.88760631821 0.512536425549
302 -0.211108574166 0.703739576375 0.454497865383
303 -0.14554888037 1.2216524612 0.909418949246
304 0.738794691632 0.529013510366 1.48353083078
305 -0.0122657866703 0.466934870876 0.643963474436
306 0.21612843046 1.02669130705 1.11658720599
307 0.451931251808 0.950801732 0.39192150945
308 0.164258527482 1.05161710314 1.64664882342
309 0.590633623288 0.816250131271 1.55056144462
310 0.366449199089 1.22923124566 0.833723590342
311 -0.0378650282139 1.01298164811 0.948093766636
312 0.0643258565494 0.964244789519 0.653371296257
313 0.844815729085 0.750000439848 0.588776661411
314 -0.470501094862 1.10724148191 1.63997693875
315 1.34617205036 0.500198444695 1.06440074269
316 -0.21286576731 1.18900656994 1.53219727564
317 0.406039162025 1.35759406151 0.801024712704
318 -0.428704096594 0.250642697301 1.81941655889
319 0.870153852577 1.00839069864 1.29416443667
320 0.225600802436 0.922749553773 1.50462480981
321 -0.0391848536693 0.687303438413 2.16329073865
322 1.0234318739 0.0270081224261 0.970145298863
323 0.63133784085 1.02932223233 0.94074461856
324 0.886490651315 0.155636161884 1.40382275926
325 0.403073909493 0.858130653701 1.34073142546
326 0.261438315105 1.2323741036 1.85392979114
327 -0.241481482046 1.11020782281 1.35218487717
328 0.542076713746 0.923492216363 1.83744329995
329 0.268022689103 0.332052489632 0.32249501003
330 0.710129675858 0.884863537599 0.959486398291
331 0.790336360636 0.917282583201 1.26477802562
332 -0.16195202375 0.983107634641 1.36359337096
333 -0.313394897316 0.750682553326 1.66805938398
334 -0.444426683434 0.977186140102 1.17969026053
335 0.194759980826 1.18912125172 0.711316830942
336 -0.0698357551466 0.280267220591 1.23439535058
337 -0.126712761656 0.806722817705 2.10775669263
338 0.247211514203 0.770425322336 1.1084064258
339 -0.628312521973 0.466952947251 0.3927052345
340 1.21360239142 0.250825801096 1.59156828314
341 0.452415084026 0.059916024443 1.38433143964
342 -0.104628097748 0.265827991821 0.591381698233
343 0.409318925131 0.623344242087 1.97393004358
344 0.248325252599 1.05040864655 0.694924712926
345 0.787305622015 0.519282915307 1.70065843165
346 0.594495209166 1.23474806179 1.26824569039
347 0.781359187473 1.01115932868 0.818208198233
348 0.490726003084 0.866855004701 0.972278845619
349 0.523155289099 -0.0656374039795 0.785525237049
350 -0.348310103251 1.02875772399 1.11199201346
351 0.675159979867 0.23151722177 1.44829400801
352 0.240065320989 0.773786907783 1.22893078478
353 0.483605318936 0.701018037371 1.88734225033
354 0.872620487357 0.380289962562 1.14139596238
355 0.236640494888 1.30989755562 0.877872562022
356 0.703479638293 0.753585123729 1.75378317959
357 -0.364135811673 0.103524376858 0.777037439963
358 0.101391258196 0.374291705753 2.00902622363
359 0.93868609854 -0.160251026643 1.48375305416
360 0.257453816957 0.294180516024 1.94545995398
361 -0.750187224282 0.440943290353 1.67539313108
362 0.971631976262 0.414362828571 0.898909225264
363 0.0916439318281 0.355347893137 0.442395654004
364 -0.457803658432 0.655887894767 1.78264867281
365 0.694194739174 0.91119657813 1.35409724656
366 0.844464588291 -0.0501258061757 1.53085210859
367 0.56134149328 1.01781771425 0.470290515613
368 0.499782287923 -0.278661254447 1.76970274898
369 0.292351487166 1.41099191672 1.34646660367
370 0.422478225046 1.21840719717 1.46248979394
371 0.42330688358 -0.408764990079 1.55533004137
372 -0.340902144955 0.270956811287 0.634269764496
373 -0.317854983803 0.103434014305 1.40891964692
374 -0.0355729620426 0.392172439103 0.422430528557
375 -0.550723206387 0.217781881939 0.296376019713
376 -0.0974449987161 0.38603057127 1.95278550855
377 0.123536867142 0.683413722952 0.978047745517
378 0.909412521322 -0.20774740909 1.15804974398
379 0.803028310969 0.227031340603 1.33900173392
380 0.281753988903 0.487975028779 1.83392834266
381 0.0925266539031 1.0464096426 1.50327804575
382 0.1724820093 0.166045555797 2.06193191426
383 -0.354594871302 1.30642576061 1.08992377688
384 0.7252276134 0.68610488897 1.12620115708
385 0.272144231587 0.754211993187 0.696225227487
386 0.581602913511 1.26631043779 1.10269971589
387 -0.650148084378 0.505324318225 1.35065638472
388 0.207090581012 1.31194184927 0.966335043773
389 1.0586402709 0.603794520979 1.25127720032
390 0.310099725031 1.23450938105 0.684204673413
391 1.11410860544 0.296131624061 1.53547511002
392 -0.217137602579 0.712379863675 0.551508240357
393 0.807841134657 0.691690513107 0.752698015546
394 -0.248938134965 0.866314967694 1.42410107836
395 0.0546549477482 0.140318110762 2.25755940328
396 -0.146874944881 0.862874158008 0.251343208301
397 0.165098033728 0.942081245608 0.477977591558
398 -0.212501039666 0.516190505424 0.949531172923
399 0.255087829081 0.888088051116 0.845580588053
400 -0.0594023174863 0.683601787596 0.530886418446
401 0.786122224529 -0.188901726582 1.00298059922
402 -0.852980762315 -0.0249971345606 0.708180719128
403 -0.00845965895618 0.623557605936 2.30519393315
404 0.679272846513 -0.444140553315 0.925344068684
405 0.755665256014 1.07537634928 0.897947675552
406 -0.0958294874412 0.584884913499 2.30203273619
407 0.170103789389 1.15400747747 1.20291687544
408 0.855356172813 0.836247915214 0.822753896332
409 0.81085575124 0.238691735701 2.00447944458
410 -0.752883583707 -0.293130156014 1.20006966967
411 0.946854654657 0.739982474421 1.80250456794
412 -0.500110843993 0.788316330619 0.593368390929
413 -0.69389421849 0.962717887592 0.879511743344
414 0.396159350927 0.8317744403 1.30670759428
415 0.0633147468809 0.33714334603 0.901417603344
416 0.570621011096 0.81616176715 1.51550947328
417 0.666077434217 0.470116501171 1.84696514646
418 0.925671381386 0.685868337431 0.593817502414
419 0.707146035464 1.05952980574 1.63105332616
420 -0.224289028915 -0.209599045321 1.10381665088
421 0.462617396991 1.06131918597 1.02148378988
422 0.331235388955 0.647078956672 0.84433269397
423 0.69872555844 1.00089974237 1.46249411523
424 0.783931986717 0.86604432988 1.91610286516
425 0.809461184554 0.819548284781 1.56306727807
426 0.317270567082 0.529043376217 0.5218241742
427 -0.441273660472 1.07488521469 1.11286341457
428 -0.328286413525 0.401472582566 0.592204607155
429 0.485006332809 0.352035777658 2.07019518429
430 0.516601520823 -0.181262496664 2.22116363366
431 1.35106074812 0.0420693435036 1.16938420059
432 -0.58760068144 0.332643177193 0.812882929232
433 0.631041630311 -0.147304811178 0.872123391265
434 -0.468395312856 0.573253005576 0.888989887927
435 -0.22000785913 0.989375384361 0.556612324352
436 0.453386933763 0.312929079884 2.23199572051
437 -0.50380061182 0.749136540891 0.81930435866
438 -0.203105406882 1.30175600143 1.28740142811
439 -0.194591049998 0.199748602687 1.13166280624
440 -0.297945606272 1.19533353363 1.15903942535
441 -0.0287000244139 0.61944638833 1.52493469253
442 0.233515899667 1.09162310985 1.43089514733
443 1.05484446925 0.893229153886 1.16099601223
444 -0.244803897023 0.668018743369 0.805081397791
445 0.230281607752 1.13616867034 1.06308737768
446 -0.0948024065425 0.690459691919 0.705560733872
447 -0.00641544558572 0.297227406567 0.943037580333
448 -0.386971725167 -0.0291214056635 0.844370751598
449 -0.437920816034 0.600423405485 0.598767864719
450 0.00768239101972 0.501843500153 0.342766910772
451 0.765523385485 0.329701424992 2.06277985972
452 0.848583645915 0.381909478744 0.754525158659
453 0.251087641536 1.06140508991 1.45239064739
454 0.833897404684 0.537607421255 1.26541628616
455 -0.466138916107 1.07392398302 1.47271939024
456 -0.524316915995 0.32552204323 1.61023064287
457 -0.106579130804 0.568040031713 2.06541943107
458 -0.0897015561053 0.865134511115 0.857921545961
459 -0.298336574201 -0.0541777594798 0.706433916944
460 0.286192895171 1.0686090488 1.09254102676
461 -0.599076125762 0.449505033293 1.58864891836
462 0.07516617474 1.14574427007 1.55977965608
463 0.751796425921 1.00551938368 1.41670447917
464 0.883030048015 0.195386923025 1.25682227049
465 -0.0295571801592 -0.505651051998 1.30033734882
466 -0.437310865471 0.84197144423 1.23676185425
467 0.881099041257 -0.354522732262 1.80446333318
468 0.265893882658 1.32366678032 0.673923851388
469 0.248109251449 0.141909603833 1.60226909027
470 -0.346235059301 0.12834823519 1.12145141315
471 0.0886967466386 1.24550919861 1.69592797444
472 -0.868704652828 0.420434822049 1.37767126426
473 0.121592850525 1.06947616306 2.02381169222
474 -0.27043203341 0.662965119259 1.71631066933
475 -0.190034170576 0.438644963531 1.7707527535
476 -0.306121694686 0.135883884913 1.35831263359
477 0.585895326569 0.795126837411 0.559668704396
478 0.338521683185 -0.315339274965 0.360648473923
479 -0.0465480725776 0.382446974013 1.22938309909
480 -0.310762196604 0.871475830446 0.3501322021
481 0.581712179354 0.901806621983 0.40362594388
482 0.139660043954 1.04306726396 1.02219345393
483 0.512436286809 1.08278934182 1.80414306967
484 0.669169170551 1.09915923379 1.21803338276
485 -0.793926107455 0.43415982715 0.972876385055
486 0.0400668295477 1.1143821523 1.75020443594
487 0.754654709788 0.740601858919 0.92155313854
488 0.550616322988 1.29553695683 1.30048844251
489 -0.299328008609 0.961299549239 1.13974288819
490 1.20418433442 0.302249313171 0.586814423522
491 0.628306471255 0.457426833677 0.672634275426
492 0.847814440831 0.235637674588 1.23987116045
493 0.671997852004 -0.279309986422 1.16545777698
494 0.700061692608 0.983400578652 1.4713723282
495 -0.456064873895 1.01904091482 1.62806913083
496 0.790720049225 0.606734124852 0.6575067704
497 0.0570520662587 0.46678641204 0.627574404743
498 0.0253661198285 0.916127610831 0.471390685477
499 0.582816659527 -0.331334021094 1.67653674317
500 0.246659792887 0.431728839178 1.63316725639
501 0.359186528021 0.0538877934907 0.39126779228
502 -0.611974938961 0.478033924267 0.424964720527
503 0.140269307715 0.0642565962369 1.6266683703
504 0.650219332516 0.314846907631 2.22950091261
505 0.257848125567 0.585616262608 0.364758286807
506 -0.0865533260675 0.988173438016 0.604390184364
507 0.538555436041 0.82309631959 0.843348683062
508 0.430587832003 0.498278596707 0.205511041288
509 0.413366875491 1.40566186148 1.42137059093
510 0.477128816299 1.23414742367 1.01355115214
511 -0.240393953481 0.541390030029 0.964281368569
512 0.461604167932 0.888739058179 1.43603529625
513 0.243122927171 0.912416271473 0.787353260793
514 0.619748035679 0.126676498592 2.16749792922
515 0.228694886816 1.32529252403 1.44384285761
516 0.974371772976 0.997408472697 0.690018323441
517 0.378577344088 1.22528151524 1.58116032994
518 -0.278319488832 0.0531088931851 1.41996517129
519 -0.00693723284485 -0.23996962557 1.50328306809
520 0.533409449045 0.95061835389 0.644507030371
521 0.302199743663 0.901484093584 0.737489547043
522 0.721199101266 -0.0764287654301 0.617906033303
523 0.376267954586 0.547847811117 1.76854390853
524 0.413971969647 0.486358514428 1.9368759133
525 0.933475667958 0.304821234854 2.10487606843
526 0.843456569948 1.12963574855 1.55054205328
527 0.191757806463 0.930545493079 0.530467459992
528 0.0560715606069 0.351907895326 1.78272175194
529 0.245784523233 0.940717834885 1.29594275627
530 -0.341058242349 0.393325488146 0.684839128871
531 0.314918846947 1.26871310835 1.75164769166
532 -0.214078321093 0.626084069007 0.673772680967
533 -0.415697279837 1.01460000649 0.51320956134
534 -0.326088830372 0.848329241791 1.14958401836
535 0.356616000243 0.847544505099 1.69869352528
536 0.273262946758 0.106330278139 0.515871607921
537 0.658044938774 0.862001821264 1.72681961372
538 0.388270844469 1.28900048694 0.890459733345
539 0.301516507607 0.829344348693 1.21125695937
540 -0.303630467289 0.683721769054 0.975453541422
541 0.22076416822 0.546213400768 0.813062197527
542 0.655018006792 0.392699815852 1.76280113267
543 0.694443274627 0.0877347968011 1.33005149769
544 -0.415397206628 0.0107784614228 1.79146620276
545 0.960324352569 0.916295351082 1.42254368288
546 0.470022682356 0.439836956908 0.350375397674
547 -0.562750794044 0.699806966335 0.948592352958
548 -0.421192374837 -0.40239193247 1.11626825258
549 0.440047168687 0.941852090668 0.926329372517
550 -0.689807442073 0.556384789375 0.751221870117
551 -0.020738035169 0.92367173931 1.89378045693
552 0.385732512758 1.2495045935 0.740276448169
553 0.171503175185 0.544456763437 0.19099088401
554 0.877040932015 0.587493594108 0.838674850154
555 -0.25719088885 0.0620848927626 0.355637329307
556 -0.449052180483 0.211405356716 0.824388197116
557 0.718046094797 1.02112602246 1.38730373016
558 0.830084207016 0.564140845665 0.665345698873
559 0.048425209984 0.483650349328 1.8276589216
560 -0.176061442513 0.762778327834 0.642439280486
561 -0.0216223370736 0.746334177952 0.733023126428
562 -0.239816779965 0.642926494066 2.13861201969
563 1.16145457714 0.342753043466 0.875321049893
564 1.30694479642 0.0649461350052 1.15831443949
565 1.16838947248 0.557706128354 0.678791715913
566 -0.143277462767 0.781475845386 1.51706941117
567 0.611546747875 0.460760855882 0.751797026441
568 -0.162711012426 1.00642610156 0.465392103932
569 0.26503048522 0.122982551947 0.594361284158
570 -0.253584026887 1.1767315541 1.13553855435
571 0.437298204899 0.906323101831 1.14697463569
572 -0.0393796582348 -0.48261332256 1.26634412023
573 0.517725321514 1.34721932776 1.44870873582
574 -0.191520247899 -0.473033631308 0.543698949728
575 0.975986527803 0.658301500072 1.18078834115
576 0.168714760203 0.973431187901 0.992809657846
577 -0.0124886406433 0.442089393346 0.317261120402
578 1.18490012704 0.196747315567 1.441041888
579 0.799746820007 0.850726599605 1.31809043439
580 -0.281648121865 0.221705763125 0.488656324245
581 0.755527850335 0.85431672572 1.15800802003
582 -0.628622299789 0.334193574572 1.38225855663
583 0.774550207387 0.356850201808 1.80738486241
584 -0.163129976743 0.400314110628 2.13375077133
585 -0.151265239313 0.462369917166 2.20419984699
586 -0.363797410321 0.925500736555 0.826775721823
587 -0.518885918929 1.00479777609 1.34632231416
588 0.487218013586 1.24170230803 0.967645132825
589 0.358412189438 0.656875384234 1.81365664159
590 -0.607512179826 0.700972517045 1.73673596258
591 -0.203504175304 0.78293377265 2.07720769035
592 1.19006052935 0.123135277064 1.37467073437
593 0.671751038718 1.25876256032 1.05051074454
594 0.0206705317548 1.27844357047 0.706717322152
595 0.781519396937 -0.455163685805 1.62221375429
596 -0.308010464757 0.548400046156 1.67217362612
597 -0.442806965728 0.70002269787 0.985867355774
598 0.855914253029 0.958824517918 1.29249916939
599 0.728529784776 0.851107874722 1.2378812243
600 -0.239900054576 0.149333387849 0.511988151933
601 0.605287557027 0.631039401868 0.75798162732
602 -0.372794127958 0.0722739363136 1.17074233267
603 -0.487446917017 0.649918533247 0.335933093353
604 0.315964229392 1.40468986167 1.38197825411
605 0.875874828031 0.399291152067 0.916905136774
606 0.980418080092 1.14822030569 1.07222511402
607 0.445415979514 0.648778541321 1.83077818988
608 -0.691206724354 0.519906684267 0.634949028183
609 0.312504665274 0.849219524402 1.9413933004
610 0.0266663604139 1.00135038287 0.952202858063
611 0.415743370863 1.38036896272 0.848470666311
612 1.11870209866 0.68566793547 0.94562679359
613 0.954269324865 0.614836643003 0.995041277978
614 1.09940009483 0.622011227276 1.22610607729
615 0.536508155096 0.957663665566 0.696413126745
616 0.525741910339 0.921554648629 0.601323611254
617 0.707293372605 0.842457551856 1.59864525372
618 0.400250782905 1.23193556629 1.81748572418
619 -0.602997699071 0.498741108676 1.23273510212
620 -0.212748751758 0.353368962545 2.04450461133
621 1.23753360208 0.450658407384 0.821236115324
622 0.534474937341 0.604815966548 1.20174517051
623 0.240085232066 0.892077270425 2.13188590768
624 0.353080586138 1.22801847751 1.77496230149
625 0.636208577595 0.842719434563 1.46922329927
626 0.262929666935 0.120361821319 1.38650884139
627 -0.562677819636 0.406164826006 1.45148622535
628 0.894846580191 0.448551876321 0.811456282263
629 1.00678585151 0.59620092716 1.47515407854
630 -0.913666000145 0.521828406442 1.14998452225
631 -0.204600389311 1.18772129027 1.44782170133
632 0.430600352559 1.25071166823 0.95560461133
633 0.831850900778 0.293207470281 1.01621320541
634 0.18380806083 1.09118126106 0.968841671986
635 -0.528458955965 0.480803445393 1.97663223581
636 -0.655529060084 0.593764324621 1.24386270632
637 0.643970550807 -0.317641622587 1.77560875807
638 0.786159128924 0.684225243674 1.10054779765
639 -0.0780185473929 1.02711643641 0.349240062249
640 -0.260031548671 -0.00281443449552 0.713961444692
641 -0.19031776169 0.562425950812 0.267285702799
642 0.905857193517 0.705602923926 1.71787211806
643 1.01216205941 0.863830438017 1.15109811914
644 0.601290313021 0.607764460892 1.96500296352
645 0.996002636046 0.719786365181 1.08315158911
646 0.903136794741 0.077993538822 1.41642170173
647 -0.0421807568605 1.00348722419 1.47050839924
648 0.135549693228 0.790403055733 2.07343452833
649 -0.561457582786 1.01732409502 1.15029311821
650 0.70281663437 0.364337988264 0.907551435328
651 -0.750662888652 0.721090410246 1.38326652906
652 -0.465074849233 -0.187718297409 1.28501854689
653 -0.0229549493794 0.785812691008 0.594647138911
654 -0.19419229527 0.737302385111 0.33563529866
655 0.0121986971724 0.310692641666 1.89392955241
656 -0.472048624398 0.655575663321 0.859344304607
657 0.0249051896936 0.739906059478 1.73921209455
658 -0.443057689703 -0.0553102806661 1.84271099938
659 0.914148962219 1.03834486335 1.02323642964
660 -0.242805760418 0.891539209172 1.60056100617
661 0.438693448504 0.81480597593 0.267110595213
662 0.622120262729 1.1277597446 1.06528848612
663 -0.25412476428 0.548084710186 1.93350406567
664 0.112102920466 0.655370799837 2.27419238721
665 0.728892817639 0.264515122621 0.73853978764
666 -0.00177169055667 0.697685045753 1.85518964046
667 -0.127796918928 0.937503403026 1.69496707275
668 1.35728089349 0.532655556218 1.16573844979
669 0.376472580323 0.391256010735 0.715555221282
670 -0.539258366921 0.472297726723 1.46297396608
671 -0.0549692918564 -0.0178293972969 1.84416915142
672 -0.322259014978 -0.298164078425 0.743246803848
673 0.865416783294 0.846793698797 1.99230638691
674 -0.707484595254 -0.0549351328598 1.84589249639
675 -0.468249984942 0.177824894433 1.81038662866
676 0.390527254425 1.33763180367 1.29145060922
677 -0.240850279499 0.010739699177 1.47647071966
678 0.13578032754 -0.311277300234 0.691124211293
679 -0.195175685426 0.839262343038 1.71350766769
680 0.48357828047 0.905418533855 1.13635628736
681 0.603663579569 0.629861628454 1.77353484993
682 -0.375438898192 0.68141917365 0.72145673637
683 0.360668584422 0.638926673241 0.292164473432
684 0.0436454838859 0.875565904007 1.58837439466
685 0.495049762329 0.547718587137 2.02281408091
686 -0.682885395054 0.427104565885 1.00148113186
687 0.623663418879 -0.00990568017653 0.690420392634
688 -0.0592528519064 0.0844409759281 2.30902025985
689 0.358520388175 0.0369714970493 2.17246861143
690 -0.149988376167 -0.192999318735 1.8724002796
691 -0.13624882995 1.06520947549 1.45061313229
692 -0.0044450358163 0.377393962772 0.645099862913
693 0.763677140441 0.928803979554 1.09157146796
694 1.05837100155 -0.0168006964675 1.60772146074
695 0.0351728169196 0.237389017917 1.56289236712
696 0.0939096374436 0.895657033267 0.656643499843
697 -0.0329075502929 0.909510210818 1.2163905285
698 0.338999002088 0.944039449327 1.35453239632
699 -0.341692335463 0.163159612877 1.7418392421
700 0.4474428885 -0.0174195055479 2.03453258507
701 -0.309176462049 0.812707298087 0.855010513746
702 0.673225210281 1.17632977328 1.50443646479
703 0.5359476313 0.252451781658 1.63007761818
704 0.467102888802 0.45527804805 0.144278058099
705 0.454579461018 0.102985894309 2.31341856225
706 0.276688773345 0.122351684308 0.521928223543
707 0.658741351949 -0.209644773855 1.37495003336
708 0.770075950441 0.567304256151 1.75639114612
709 0.388868906356 0.720292636234 1.94943802569
710 0.831884457542 0.170668976426 1.73998757214
711 -0.469883032925 0.30237434166 1.88450022931
712 -0.203210138198 -0.149927919345 2.05769286943
713 -0.358321697715 0.620207472861 1.14222570428
714 0.56984252542 0.8330115826 1.71461759172
715 -0.607816897243 -0.0266838020392 0.936225075726
716 0.957668858168 -0.131427933672 1.52098373631
717 0.488692041829 0.716625774521 1.63135501906
718 0.82357863589 0.472315706967 1.41175380172
719 0.478307396355 1.02817796073 0.623240143968
720 -0.000378383784874 1.14735654106 1.04622060118
721 0.386712173634 1.13496390949 1.51055180351
722 0.0129799374571 1.1981863048 1.71270206136
723 0.149066644977 0.448732355994 0.358725489306
724 0.793530905202 0.776137232284 1.05543196
725 0.600130405777 1.013583706 1.27401526694
726 0.488554421539 0.537301032549 1.74828283238
727 0.928164538176 0.736377377073 1.87306213994
728 0.0965730392431 1.10514275483 1.30996969801
729 0.0268241705577 1.37075451663 1.30474476276
730 -0.0280988919167 -0.2505199948 0.715335361336
731 0.879559206645 0.641185032047 0.627133946264
732 0.516411419652 0.735410242528 0.972803089973
733 0.122538667132 -0.193161261328 1.75740606055
734 1.27358913661 0.341479810545 0.705404492718
735 -0.595348147649 -0.138767391515 1.28561068866
736 -0.604529362511 0.71736662424 1.15664010757
737 0.772709638234 0.0371791351698 1.42793728655
738 -0.366911661425 0.579370334771 1.43792461572
739 -0.278700966714 0.47118611295 1.92797989032
740 0.621826451469 1.2570149186 1.03196861475
741 0.135622363173 1.26634575996 1.70033325446
742 0.225966009462 1.31352634839 1.75602987959
743 1.20345874993 0.344116848876 0.595970907883
744 0.913692013228 0.247675836471 0.597150502505
745 0.949389259908 0.344033404825 2.07799889483
746 -0.154071276188 0.754154326862 0.187255929176
747 -0.0727837847304 -0.0151095867376 1.77853493925
748 0.619295194928 1.14397948264 1.78583675962
749 -0.0775661866189 0.788345444285 0.195885659803
750 0.05519075295 0.389408554818 2.03726322843
751 1.08025974872 0.863822403328 1.46056324828
752 -0.77516534599 -0.0193971729883 0.722833770604
753 0.294367417931 1.34207731297 1.50067378029
754 1.1317336959 0.274322280505 0.800613786558
755 0.759208634265 0.97924639651 1.39949283937
756 -0.600046897863 0.333897965839 0.426153510364
757 0.485655488488 0.806624290941 0.725581964843
758 0.459903821634 0.710872613652 2.12805361052
759 -0.0629737647792 1.08989609399 1.59156345945
760 0.428278120209 0.221550547846 0.967519843308
761 -0.142884952345 0.470302612635 1.55793172785
762 0.941877176528 -0.0425773402189 1.95389340003
763 0.495030714241 0.757978337178 0.338419949542
764 -0.488510111183 1.11059027167 1.04899342289
765 -0.0479872361044 1.03189899968 1.90809474025
766 0.422599842956 1.22538551912 0.68799208602
767 0.0912166209411 0.458115842096 0.509285680945
768 -0.504684580857 1.01544638398 1.41181941596
769 0.322580733732 0.923228252142 1.21532949206
770 0.00875445054596 0.301429862612 0.649246702288
771 0.65073396491 0.647291664011 2.0084979686
772 -0.36935716343 0.79712225239 1.22745194885
773 0.943502491271 -0.0577100368959 0.665857134954
774 -0.410759159288 0.443059326034 2.02738228756
775 0.0745540391391 0.46203687875 0.157891845437
776 -0.0463234492498 0.834099129819 1.92460437857
777 0.326636842022 0.591081745712 0.530304899433
778 0.606269241598 0.412976774296 0.64220450386
779 1.02415592979 0.552873786809 1.54124914892
780 0.311228570314 0.278603504935 0.532342260831
781 -0.280069273933 0.897158502627 1.73954088183
782 0.367576579659 1.31403016077 0.860571767483
783 1.08965694991 0.892454802374 0.785945273309
784 0.353144612631 0.0774569613625 1.5247789895
785 -0.383638421606 0.720013461287 1.64623307717
786 -0.119589450189 -0.535880130947 1.42058264575
787 0.268589727556 1.17513195989 1.19530518128
788 -0.361839297096 0.493840084031 2.22198435207
789 -0.00946815152588 1.4086874328 1.15165079697
790 0.231709817565 1.18425608013 1.46845096148
791 -0.118298488649 0.505587575169 0.222437824022
792 0.87467498352 -0.0630002396515 1.11411358104
793 -0.353463603709 -0.0425980652475 0.783651421293
794 -0.407141796514 0.887782288228 1.38673170093
795 0.420930720018 0.576855884655 1.79241788334
796 0.667065079084 0.448914905576 1.26989829972
797 -0.184828929717 -0.440879235086 1.09585590309
798 0.732111257596 0.340444338449 1.24584474118
799 -0.237971820093 0.968603361814 0.755478788517
800 0.74983999809 0.972146074771 1.67461451234
801 -0.278616360865 0.804475062627 1.05813720606
802 -0.637756983733 1.06719881118 1.31327911025
803 -0.363387815833 1.1507827904 1.68278598859
804 0.178299420335 0.112270624362 1.73080558679
805 0.840000490402 0.631311347464 0.735901980911
806 0.234534925317 1.19354986957 1.67687192877
807 0.162396047015 1.08156059453 1.21365373954
808 0.864047818205 0.314446356215 1.17938769522
809 -0.312013658035 0.725213472977 0.778892761994
810 1.04474516039 0.490652553092 1.43346060136
811 0.810788985958 -0.0503523011192 1.41642139386
812 -0.518058993009 -0.386606837711 1.07073802539
813 0.0684079619325 1.27005500009 1.06031188527
814 0.374884176759 1.17828913087 1.83705769573
815 0.145369711337 1.17667421451 1.56833392603
816 -0.73085721583 0.499715051888 0.7363598618
817 0.8508828687 1.00124236823 0.903051026278
818 -0.0467769210827 0.817982758032 1.40187183636
819 0.966432633323 0.615736557623 1.01755773857
820 -0.0080103661672 1.16350001339 0.967198369369
821 0.896220438372 0.843998299772 1.11029836422
822 -0.588399250763 0.402457709436 0.807461600662
823 -0.221050064871 0.0602865952803 1.8184578245
824 -0.489110439731 0.0705118577589 1.26663091435
825 -0.213620288217 0.803103980109 2.15648888757
826 0.676663757833 0.715201092551 1.14587992831
827 -0.490552313398 0.954206079879 0.649170748684
828 -0.442968990185 -0.313620273654 0.524913827303
829 0.331028647408 1.40291096337 0.874071500576
830 0.303721730162 1.20330124552 1.6353472535
831 0.142638155627 0.591571791935 1.59845154209
832 0.187591482013 1.13729495197 1.89985669436
833 0.420965580874 0.940721918095 1.58306812532
834 -0.483912300119 0.182254386755 1.80943322087
835 0.31477858993 1.09013882812 1.31458177799
836 -0.466959956873 0.270129315393 1.30945149842
837 1.12137217664 0.712239114099 0.663639097845
838 -0.281557472099 0.465262545325 1.1202797586
839 -0.102543005249 1.30524918013 1.37622134799
840 -0.155956449594 0.173311686489 1.81432865979
841 0.381400953482 1.26633576656 1.69630414471
842 0.810922976421 0.546306163768 1.8514715246
843 0.424613009878 1.0263610802 0.63439905196
844 0.568695561092 1.07644475531 1.3766187631
845 0.800790626156 0.661316249775 1.90396929576
846 0.36296388411 0.541838430971 0.454276632001
847 1.00827413165 0.809458115804 1.09167977317
848 -0.714196118196 0.523302629363 0.753015552272
849 0.434125312028 -0.325905340056 0.925249462245
850 0.689868038116 0.412154026467 0.685293866907
851 0.26166935518 0.905524092983 1.95998535969
852 -0.642837255357 1.00164462113 1.19823124098
853 1.10380628029 0.722776293796 1.31740663002
854 -0.203250351849 0.318457469513 1.76800721922
855 0.193333240738 0.0562768873079 1.79554437922
856 0.503992904457 0.689419122361 1.75589093214
857 -0.370491701529 0.901969629758 0.788046943845
858 0.159572141595 -0.0747819680547 1.57688886393
859 0.330109626026 1.4054406692 1.26408538882
860 0.616796920597 0.646059752327 0.691468512334
861 0.596161911637 1.38526179441 1.26676117939
862 0.0831839423968 -0.219662740746 1.97518811149
863 0.385448686572 0.694281225407 2.18732754767
864 -0.0175546114156 0.285942765547 1.46889843552
865 -0.74269447265 0.404339414211 1.56670393742
866 0.513912893461 -0.455158893448 1.81500946713
867 1.22366558779 0.276435504127 1.10889064319
868 0.826893191952 0.494502294357 2.10379324845
869 -0.698479952202 0.530578461482 0.50382639067
870 -0.0990581788595 0.556590938069 0.847003945412
871 0.634685561152 1.09104004638 0.991773419319
872 -0.48318526152 0.726670402413 1.267299822
873 -0.626944265872 0.169081417835 1.83423080813
874 -0.216402593112 0.614295671461 1.76682953356
875 -0.249986199063 0.524079866024 2.14200507784
876 1.02187437867 0.206095315881 1.25660171702
877 0.534939022401 1.05750819153 0.575777123181
878 0.423794235416 0.776122465208 1.93859409737
879 0.0536148162215 0.442080225331 0.229039726587
880 -0.450469345057 0.672552869397 1.49701013676
881 1.00043129619 0.981029511209 1.56174224141
882 -0.0295595389492 0.103969709483 0.896362411819
883 0.7081346485 1.26460739923 1.01870352803
884 -0.35916691295 0.430483949536 1.41038406743
885 0.479304037858 0.413674584715 1.61564702248
886 -0.684572466353 0.595855215862 0.696579609839
887 0.160330015132 0.244346190047 2.04959182335
888 0.525166301346 0.782552176439 0.665717710124
889 0.573019915653 1.07123083406 0.83476306876
890 0.254930374709 0.936937801629 1.71725376875
891 0.963524697183 0.372978309492 1.63807506112
892 -0.232800411741 0.80174869896 1.16394280975
893 -0.0887459615412 1.13131919869 1.75011532515
894 -0.268761888143 1.23399695198 1.14644591152
895 0.707968336431 0.665732287615 1.80018639837
896 0.2751225168 0.626516099269 1.92597155829
897 0.252791751726 0.387784777672 0.621418514262
898 0.872594330475 -0.245943005987 1.57936149939
899 -0.0222638406347 1.00894650099 1.6557813891
900 0.831759662224 0.2157435547 1.9461869931
901 -0.351113562582 0.443389748222 2.01291928028
902 -0.659732970673 0.213632566772 0.503708632087
903 0.0375477104999 1.05278283853 1.53749301462
904 0.773206744359 0.319953581343 1.79755807967
905 0.834753189521 0.780986979632 1.51325987895
906 0.548076431609 1.22331100077 1.00901044919
907 -0.337104204124 0.691159504907 1.43996996234
908 0.552369172216 1.02073570271 1.51389655591
909 0.850083627028 0.780453845743 0.693667646804
910 0.337333020472 1.06039958065 1.78524861824
911 0.908438389597 1.00686207481 1.39535171279
912 0.329995010617 1.02513401735 1.51305103189
913 0.458513451925 0.60469182998 1.82953909648
914 0.367273625365 0.905875630847 0.639567110075
915 -0.703353830623 0.0709838366777 0.84094592902
916 -0.698356551378 0.283074533968 1.02135113837
917 -0.204332182462 0.258677099767 1.31690113521
918 -0.0101621305224 0.856480474068 1.06895135954
919 0.0802927628347 0.715710142838 2.04829755691
920 -0.53711937249 0.459769091799 1.36212091997
921 0.838839322939 0.108098521437 1.5013621275
922 0.582662549432 0.96164164899 1.3957093466
923 0.236613676463 0.52286748535 1.83494957083
924 0.405325094519 0.408704876264 0.747102132403
925 -0.443387410217 0.398086112215 0.529769049049
926 -0.312959909602 1.24807523454 1.47653305734
927 -0.891282790644 0.405763049343 1.29373090501
928 -0.395697548222 0.392281501233 0.7845663041
929 1.03148718809 0.342581184623 1.76982803832
930 0.29129026178 0.424873465821 1.67338103491
931 0.384598189727 0.721274796527 2.07185125288
932 -0.484630778408 0.793519548645 1.10854347641
933 0.320856356155 0.607551819083 2.11784492686
934 0.259128610149 0.547647228645 1.36534670653
935 0.341206809972 0.603540041629 0.313453519253
936 0.759328941281 0.546738841623 0.636128788758
937 -0.419730247171 -0.0538468692905 1.58991990809
938 0.708849779806 0.102847736452 2.18259872652
939 0.769765719356 0.672140931171 0.737216541613
940 -0.272350910583 0.682473666787 0.303417749183
941 -0.598806492179 0.585253340728 1.45934550751
942 -0.260531146013 0.46994355994 0.305626726792
943 1.07695477813 -0.250719859842 0.738284134184
944 0.204029486202 1.24472625406 1.55850352778
945 0.35006898854 1.29583777104 0.673947266239
946 -0.227304333263 1.09102818901 1.04109846897
947 -0.390833412932 0.277916353119 1.39928894346
948 -0.0562694325871 0.220017267646 1.0181362546
949 -0.0897769618667 1.03917190273 1.32318941046
950 -0.354403881134 1.07664101705 1.61477905736
951 0.410017351694 0.0390817607544 1.68735359592
952 -0.271504166883 -0.104261921318 0.890455087783
953 -0.294454949579 0.0163025432784 2.24170617988
954 -0.213226767233 1.34063732279 1.06573773041
955 0.555834073742 1.18417348294 1.47936236741
956 1.07080667452 0.633601529487 1.3674670453
957 -0.327901753933 0.288751639692 2.27380246337
958 0.293169816638 0.829909793716 0.88989021704
959 1.24838027971 0.44909471613 1.18434325669
960 -0.138867457665 0.518492931735 0.251999153406
961 -0.411204922447 0.722034203519 0.834783144288
962 0.635576936801 0.703830015237 1.90442863577
963 0.32782739182 1.06103346159 0.448731254512
964 -0.282909620991 0.315194489042 0.830294544509
965 0.437503836753 0.416051611355 1.32316799189
966 0.319972196481 1.14934823256 0.569616142994
967 0.669797469255 0.569206321211 0.92855780947
968 0.444484699717 0.881718921668 0.573728227273
969 1.07361202811 -0.140675600228 1.50132826678
970 0.272665400211 1.10469713372 1.86828335362
971 -0.860077604071 0.088045706659 1.46998912719
972 1.10821963221 0.860533429603 1.56166236468
973 0.585235732747 0.976160048495 1.49501165949
974 -0.457826054477 0.199940110605 0.19844275804
975 0.0709565777749 0.374603479056 1.57830391854
976 -0.309615087554 1.155977782 1.10265137984
977 0.253797181416 1.42928747737 1.40627386475
978 0.727724021125 0.60255704883 1.77292554108
979 -0.388274021748 -0.12214094334 1.24576204533
980 -0.334446840571 0.376038270062 1.18114571547
981 -0.0675211847343 -0.418550944696 1.83893087358
982 0.80238920366 0.900596659746 1.62611779538
983 0.139110020494 0.251512527036 1.97608820901
984 -0.600799078555 0.515285023945 1.14504052242
985 -0.610237504803 0.673947609279 1.2260352165
986 0.292005847918 0.733605462602 0.197225676184
987 -0.0195209955745 0.400357353532 2.13223265147
988 -0.0661811520029 0.82381499021 0.731046232828
989 0.362686899527 0.416990189941 1.54221297793
990 0.730306697299 0.98571728904 1.1444098418
991 0.801787999303 0.031718088047 1.4252991351
992 0.736542974113 -0.0426866802396 1.14592384554
993 -0.0972279784552 1.37045173953 1.51877015956
994 0.743389682644 0.839948086278 1.82202411267
995 -0.167936438526 0.448705368123 0.162208931744
996 -0.787930144312 0.449146575078 1.44239630563
997 0.36836783963 1.33678801543 0.897122455691
998 -0.164289532984 0.861895049044 1.67982778439
999 0.26345458057 1.12888037235 0.795130992619
1000 0.187338017384 -0.0965577050561 2.03483239733
1001 0.138662580233 0.0485410534229 2.36408953405
1002 -0.602019046447 0.871961940872 1.35463245471
1003 0.285624860964 1.28458120529 1.74480004691
1004 -0.161137653946 1.23461038843 1.7155836369
1005 0.507340917143 1.08345464425 1.21109485088
1006 0.697688458361 0.995547865955 1.33948130137
1007 -0.657504441133 0.636446850215 1.21650669821
1008 -0.0920840766423 0.259497000606 1.93808398196
1009 -0.339275107975 0.324031019728 1.35743970772
1010 -0.103429671748 0.820826443595 0.802398151995
1011 -0.0121615667792 0.855090249334 1.60783767573
1012 -0.55701242717 0.476615024064 0.904629909215
1013 -0.119922210437 0.884156032296 1.92265696914
1014 0.303489730097 -0.17951609194 0.778521299711
1015 0.824248022887 1.06394994658 1.37715401954
1016 -0.443548439287 1.08781073432 1.13950680397
1017 0.765639991885 0.0997971246526 1.43884758784
1018 0.859401309066 0.447357794988 0.818749105816
1019 0.168251247946 1.20131097962 1.25010365241
1020 -0.846060413661 0.181848046229 1.28857132163
1021 -0.369905981182 0.630818878925 1.01827657972
1022 -0.161611741177 0.945908676308 1.327129622
1023 0.325675352435 1.02006469724 0.844362355412
1024 -0.258970064532 0.927026339355 1.17106935697
1025 -0.72406117564 0.230837702167 1.54162175504
1026 0.417546947384 1.27298039449 0.998358739351
1027 -0.794175490757 0.436258997361 1.36246232581
1028 0.222389980955 0.38534067436 0.403586256276
1029 0.688624720583 0.260970941562 0.692074463548
1030 0.468500343714 0.893415532995 1.48938511259
1031 -0.407234556237 0.242526677215 1.21915864125
1032 0.46291144862 1.3111594226 0.906813648279
1033 0.794798743403 0.252613400735 1.60283385091
1034 0.834565676425 0.172822861996 1.04779808887
1035 0.740502117583 0.876666115405 1.79688724701
1036 0.470097611626 -0.224900984631 1.43841893748
1037 -0.459289700163 0.801112538992 1.51687321858
1038 -0.296704479737 0.159439311611 1.74329155916
1039 0.202965560376 1.27400102758 1.10547056846
1040 0.605975296499 0.493792163707 0.873396838542
1041 0.393612469094 0.922736157658 0.666956079027
1042 -0.218820264439 0.219283446395 1.41703545356
1043 0.620606765214 -0.0940134263818 1.73986189874
1044 0.851243501478 0.162267250661 0.887160785696
1045 0.901805032067 0.10824335437 0.858371036393
1046 -0.352340497002 0.807667921669 0.861429258525
1047 -0.406623104926 0.327019856299 0.788307947404
1048 -0.850535464303 0.380455818324 1.10739828971
1049 0.137475898944 0.631259840619 1.98299094341
1050 0.500474331192 1.36432833986 0.931838514534
1051 -0.10041182401 0.787358079028 1.15300176371
1052 0.420242559956 1.05541615853 1.86072871863
1053 0.038819578399 1.40613001749 1.37078093139
1054 -0.539863453298 -0.102700895815 1.1660554914
1055 0.618615104138 0.951218400489 2.02538947045
1056 0.285939199371 0.956470547107 1.02156627002
1057 -0.747686863584 0.75910676601 1.26505959829
1058 -0.406075781534 0.277366426514 0.657121245165
1059 -0.367176949354 0.527553316594 0.848485757611
1060 0.500074372007 0.270673314457 1.20732404998
1061 1.10224742794 0.97455235123 1.17495532441
1062 0.51926475748 0.942264534672 0.812345934
1063 -0.818001952604 0.238842626755 1.72283775756
1064 -0.127453623902 0.973846734864 1.24884203285
1065 0.473365459986 0.16399567276 2.26393098208
1066 -0.176999400243 0.202501636886 1.26994007629
1067 -0.312862806369 0.392019612456 0.591154366555
1068 -0.0795256927965 0.709140063624 0.29974267849
1069 0.800222469359 1.21494298024 1.03006893475
1070 0.633945415668 1.25569873168 1.11050018752
1071 0.364535594792 1.12492895934 0.952949849932
1072 0.351300001594 0.0232672210776 1.40129619442
1073 0.798282569058 0.646004120979 0.867653424902
1074 0.0770781027339 1.30539318431 1.56083404626
1075 0.469331625767 1.23502731871 1.32230721537
1076 0.101715621541 0.247124672235 2.29032568804
1077 0.230016112536 0.958528534257 1.97130765664
1078 0.466190070111 1.06774130538 1.57213239282
1079 0.20283904219 0.893116237334 1.58904854791
1080 -0.529023264937 0.833810567415 0.754644956631
1081 0.00948289499217 0.771396039671 0.437446633767
1082 0.0448920019162 0.306166438354 1.91038370897
1083 -0.649016436488 0.445743636369 1.89032023638
1084 -0.351699510717 0.774880997396 0.429761421935
1085 -0.253513065674 0.82913565746 2.01807101888
1086 0.429303365403 0.300992614774 0.206309865519
1087 -0.301115297611 0.763161905235 0.809316676192
1088 0.190094110704 1.3887879437 1.43633025128
1089 0.568759122441 1.01845973443 1.14063663362
1090 -0.221896893199 1.0432501384 1.38547845782
1091 -0.60894846443 0.327166097727 1.03320644908
1092 0.726384469647 1.30990183587 1.40666577022
1093 0.227949482727 -0.181337398235 0.637209631496
1094 -0.211004083025 1.17398764821 1.85196624357
1095 0.458965368889 0.943206242781 0.336784331114
1096 0.975460319133 0.745859767177 1.42566486656
1097 -0.286151958743 0.128664362162 1.95169961346
1098 0.0884222973111 0.626892554232 1.89309857652
1099 0.101636234441 1.10737045822 1.17828507686
1100 0.634629593835 1.06213943588 0.781197099663
1101 0.245814865148 0.69797251055 0.472410372018
1102 -0.851714244481 0.199398948615 1.12590247492
1103 1.0204317405 0.995803430427 1.6226292795
1104 -0.489631431554 0.137900484575 1.260283755
1105 -0.119846873858 0.418392284987 1.5808388735
1106 -0.000936233152109 0.282032460493 2.06968932128
1107 -0.861185816964 0.252049113137 1.29917834184
1108 -0.73374486573 0.385171518551 1.58650213462
1109 0.434189212687 0.690932742825 0.496514447297
1110 0.533077639207 1.18107639303 1.62955069564
1111 -0.565362459714 0.051344527022 1.27963652617
1112 0.0311975064372 0.249354999223 1.76572092515
1113 0.580285721174 0.115811353451 1.68627614405
1114 0.027304035379 0.911959797551 2.04716651088
1115 0.546390752366 1.13328829802 1.77174958231
1116 0.732592028189 0.891899731201 1.4454151481
1117 0.545973419145 1.25143113321 0.625714421538
1118 -0.507859589072 0.296906625266 0.333216888035
1119 0.470747684138 1.11887424235 1.27966559158
1120 -0.313409254399 0.481549419056 0.83415564305
1121 1.17283829328 0.719119393039 0.739564053472
1122 -0.181324908266 -0.00164713007828 1.06588301839
1123 0.0812737129385 0.886444171814 0.719603649327
1124 0.117600250033 1.16618203531 0.643797005767
1125 0.705209628024 1.08840287131 1.36138000632
1126 0.278993454652 0.688403574518 2.09209042592
1127 0.175966669913 0.496481680042 2.01292982327
1128 0.0955263533045 0.171743104853 1.69660509738
1129 0.747625902312 1.27286605985 1.28856444514
1130 0.98918399958 0.700779080187 1.29496866669
1131 -0.346935036001 0.713338205348 1.59827018091
1132 -0.0167316206233 -0.435229455513 1.36060317404
1133 -0.405565865823 0.427771008713 0.864491107287
1134 -0.940163799208 0.439851488815 1.25185501536
1135 0.442989422648 0.485926189752 2.33254563758
1136 0.300574303417 0.469320209639 1.79788686074
1137 -0.474048586513 0.285671550034 1.41058203904
1138 0.832561971587 0.794705712647 1.66706172729
1139 0.116499656115 1.07051779183 1.66730750468
1140 -0.164306042207 0.358985479008 0.425577356253
1141 0.942447602563 0.667299108822 1.29493435559
1142 0.197211955807 1.37421049467 1.00781005398
1143 -0.17203509974 0.87653058973 1.14764333444
1144 -0.729679021765 0.68877183116 1.20918269128
1145 0.0975805259954 0.48261170102 1.96547226113
1146 0.272910428393 1.3392224869 0.797423601991
1147 1.06942644905 0.668973011722 0.941596075739
1148 -0.182894043449 0.728935021377 1.42854305932
1149 0.0250052769791 0.740986952624 1.04332330217
1150 0.711565998803 1.00235569134 1.22627005223
1151 0.483830614366 0.0886057634192 2.07081112222
1152 -0.229268160215 0.847095067147 0.833571814687
1153 0.513007221225 1.20265724691 0.803946232365
1154 -0.356496281834 0.271365790798 0.598218373413
1155 0.132017805083 0.84990941383 0.660392784259
1156 1.14244887338 0.691837174274 1.2754130489
1157 -0.394832196927 0.216066995272 1.04032288786
1158 0.0789064646482 1.40658407015 0.874086918852
1159 0.460584029806 1.23360906184 0.896481978719
1160 0.416719429088 0.868796865755 1.71373448048
1161 -0.658841919138 0.60177675754 1.59667011178
1162 0.349901819137 -0.273429179099 0.79151584736
1163 -0.290728989928 0.370512742721 0.698632909196
1164 -0.197811445362 1.291514564 1.31036841233
1165 -0.0141747659332 0.288286767516 0.514172624858
1166 0.837494508346 0.637714807844 1.08288682066
1167 0.997690323958 0.65656018501 1.33579331169
1168 0.846425904357 0.836807287978 1.68516797548
1169 0.643779988358 0.629551910072 0.971099088859
1170 0.476915262519 0.77908476586 0.880767334838
1171 -0.313211969251 -0.120089144517 0.2944399231
1172 -0.852569639404 0.283188337017 0.730046927817
1173 -0.556097437257 0.388769185025 1.41133144095
1174 0.0336178063826 0.660018034956 1.86897925455
1175 -0.11468424372 0.380505508856 1.70150073603
1176 0.541685438772 -0.0178556005999 1.4564929646
1177 0.446381802126 0.488257248309 2.07778251434
1178 0.159105893811 0.909093653209 1.45839440832
1179 0.974756023162 0.136128410382 1.89191084909
1180 -0.59613339681 -0.450939681257 1.48059274378
1181 -0.331886909869 0.525316881537 0.583247100482
1182 0.426877993845 0.524173733954 2.03102669354
1183 1.01254722394 0.781927154516 1.19790794411
1184 -0.329948952391 1.04993393131 1.54663531637
1185 -0.231485076093 0.819555006108 1.0720768882
1186 0.605476496144 0.932842297523 0.488960533625
1187 0.904354071833 0.250810304038 1.04536021696
1188 0.0396402993008 0.204389453196 1.84202478458
1189 0.670381256685 0.937359491214 1.93178285593
1190 0.580211552852 0.88983571334 1.21244922131
1191 0.812094985983 0.411952390998 1.71223249206
1192 1.02352186083 -0.115983805179 1.0673948066
1193 -0.453240233092 -0.260992607361 1.45571316427
1194 0.138606653525 0.646057875144 1.92566698352
1195 -0.274138002741 0.832432558953 0.597058858007
1196 0.871651251098 0.732856025534 0.964445427781
1197 0.26783187464 0.728095623504 1.67678089091
1198 -0.677430272366 0.596742989268 0.858482848137
1199 0.552302891986 0.0535486027187 2.27640466982
1200 0.869374432498 0.370551162195 1.33603293001
1201 0.24923767447 1.00599691167 1.63874624258
1202 -0.171732306671 -0.297252035218 1.5826754107
1203 1.07239952032 -0.283030445496 1.48078133474
1204 -0.656021554549 0.223067873098 0.367050184005
1205 0.855584155226 -0.287407535444 1.02969056088
1206 -0.0450560260928 0.894719626737 0.552645862369
1207 0.154435512068 0.0717067033266 1.71359164743
1208 -0.0639197734274 0.903134328099 1.79881235207
1209 0.336214086418 1.33453290651 1.51104333273
1210 0.256452790315 -0.264440878989 1.94692506764
1211 0.709688804912 0.43331511727 0.737215646564
1212 0.961793253275 0.589046553177 1.1311254889
1213 0.601858275635 1.14071392888 1.11561611858
1214 0.218101081693 1.09597883144 1.42479974116
1215 0.179233377273 1.01020279587 0.905112794439
1216 0.969283612609 0.448958982026 1.85221085487
1217 -0.533375346136 0.597951258692 0.735213979415
1218 0.786081931914 1.15442216133 1.05086404547
1219 0.304406117078 1.23392762829 0.675600228753
1220 -0.0325993099586 0.96695976069 1.66212892895
1221 0.559814473236 0.211158985102 1.52438778529
1222 0.077453789649 0.597723935101 2.00152320005
1223 0.541878541381 0.980945898253 0.775684825101
1224 -0.241081761874 0.848940073159 1.05370286366
1225 0.382099462232 -0.4954208844 1.70348869589
1226 1.04193695513 -0.250412118381 1.08314078219
1227 0.948803294225 0.750301708622 1.03404679272
1228 -0.33218645173 0.928459504345 1.5278816882
1229 0.0559768575533 0.584280331732 1.12541577629
1230 0.887120921407 -0.0395035286236 0.939972640076
1231 1.27445824574 0.0907379603801 1.63729796749
1232 1.10026366671 0.786505085293 0.638878751368
1233 -0.381157874293 0.809792728349 1.3098720487
1234 -0.478168405991 0.136033398378 1.49883790083
1235 -0.332170001424 0.408183980925 1.78675313477
1236 1.14272062074 0.576318185139 1.82968196144
1237 -0.256923999273 0.843721540413 1.27194440262
1238 0.98140975411 0.617379674477 1.84803257818
1239 0.0196167109063 1.29392876427 1.51526545949
1240 0.302088969795 0.819862935257 0.762846587614
1241 0.902010032153 0.569718983824 1.44485393587
1242 0.98320700715 0.783628431269 0.813687117643
1243 -0.11050872796 1.33724516627 1.37750524893
1244 -0.487839981642 0.779386017358 1.2367955049
1245 0.608019066993 0.710765160212 0.965900674704
1246 -0.927597952034 0.23033711857 1.37259903472
1247 0.439886380313 1.29026666729 1.29223504004
1248 0.204861188006 1.12762025626 0.630968387441
1249 -0.235835288328 0.618937214322 2.18977799624
1250 0.0369551406823 -0.157962769301 1.31123172062
1251 0.921324756385 -0.1082531189 1.52148629075
1252 0.64747924307 0.868061501841 1.36299669684
1253 -0.0565721334452 -0.189977870957 1.99916395946
1254 0.558689600595 0.663796991877 0.701196090625
1255 0.0391381585524 -0.459861370839 1.58344389308
1256 0.886135093395 0.992293218205 1.36688521976
1257 1.22966705349 0.779875507355 1.35701358773
1258 -0.101266737804 0.860497966277 1.44944836656
1259 -0.495884837023 -0.229117804097 0.442577809511
1260 -0.385636267217 0.193981764153 1.76668435689
1261 -0.129610290738 0.913539978965 1.32975027275
1262 0.345746018624 0.16107958137 2.22490774894
1263 0.470125836582 1.05893583713 0.931932984555
1264 -0.42033918089 0.841583367197 1.24649353834
1265 0.771619392682 0.0378050229288 0.940558834517
1266 0.286397650838 0.724269173812 1.99951035345
1267 0.931244863709 -0.0274271314713 1.15801744095
1268 0.274847072967 0.940860523871 1.5763119403
1269 0.697495998182 1.30514229336 1.46564566907
1270 0.489326939782 1.12913944408 0.748670154551
1271 0.243560651212 1.12131541678 1.47556350115
1272 0.561807392637 0.591284203501 1.74021750107
1273 -0.876517187306 0.0174208486671 1.42906589798
1274 0.817550793928 1.1983385103 1.20479270696
1275 0.235527626936 0.595236462909 0.880618392361
1276 -0.590543723109 0.730681459772 0.930567175091
1277 -0.398229326392 -0.0479951885119 0.607232118316
1278 0.379154083415 1.13439298008 1.52783317885
1279 -0.600534487126 0.642033442613 0.873469460087
1280 -0.29028782516 0.638458595349 1.7630133804
1281 0.319868078651 1.33877045432 0.791124661208
1282 0.148285951779 1.15474102684 1.00460848921
1283 1.03472560005 0.307295656627 0.863059528849
1284 -0.436176506709 0.917544721523 0.547616652924
1285 0.758392799066 0.842994673021 1.06942296147
1286 0.37516944032 0.970846142871 1.39836408945
1287 0.610170840445 0.874407120654 1.36093684347
1288 -0.558298694859 1.06941340208 1.34119549977
1289 0.513253490107 0.405974829234 2.05219748627
1290 -0.524279998174 0.529910077525 0.821185693584
1291 0.0961855750725 0.916799923354 0.60201829605
1292 1.10209681584 0.697217282572 1.22219629974
1293 -0.501310763981 0.44739636849 1.19479907894
1294 0.253315488024 0.638441142181 2.16582304497
1295 0.857805953106 0.662970123897 1.49483181097
1296 0.210637409691 -0.476165407797 1.77551079032
1297 0.442554096951 0.576938142985 0.395554467624
1298 -0.706726049619 0.307448349947 1.1748873851
1299 -0.258841817298 0.718614617675 0.605644866217
1300 0.592625395582 0.421337047705 1.60403284878
1301 0.147522688394 0.871251759965 1.48740591327
1302 0.181140673933 1.0599860278 1.79670168936
1303 -0.668053200421 0.0405083764839 0.802587578702
1304 0.222439578576 0.759740719802 0.514124577939
1305 -0.113025358526 0.88533982262 1.88129356503
1306 0.448336087004 0.382163870422 0.715003073371
1307 0.59445135202 1.02275288981 1.94284847798
1308 0.125030404238 0.96452434632 1.85496614394
1309 0.99078724373 0.40760878655 1.41023972823
1310 -0.174926050934 1.02647195958 0.892716776735
1311 1.14855239207 0.159482621768 1.02727401191
1312 -0.230634389139 0.613994213947 1.51376634216
1313 0.923526511656 -0.0435603871401 1.54583322734
1314 0.658949532183 0.183684767309 1.62508933094
1315 -0.189783108457 0.570875250185 1.56567627888
1316 1.07270156297 0.684123577674 0.589862832364
1317 0.456800533235 0.806592866692 1.14374048944
1318 0.523347653309 0.333073598022 2.13705569301
1319 0.102849166304 0.500182271579 2.23645897716
1320 0.298189405534 -0.0305580364746 1.83087110704
1321 0.841334747595 0.821564493594 1.05911809664
1322 1.02940875625 -0.257862216663 0.917201947058
1323 1.14079263375 0.542363826345 1.49325040985
1324 0.225730656624 -0.225214215073 1.91764454452
1325 0.545244783981 0.476556677171 1.24522845379
1326 0.577846043623 0.368833036656 1.82928549011
1327 0.938750826951 0.872751248064 1.65721545345
1328 1.14530072126 0.606324453637 0.798601319425
1329 -0.562746626348 0.623626604223 1.34569163236
1330 0.47631024703 0.755341673155 0.926839740073
1331 0.689693384604 0.800318128879 0.809774032719
1332 0.648938125918 0.00206695217829 1.5277941134
1333 -0.0855700380229 0.987470952089 1.78524463524
1334 -0.1874570889 1.19073439835 1.22275556857
1335 -0.043121784028 0.61010953021 0.249253131128
1336 0.452468664712 0.628991182958 0.723366684244
1337 0.467529383937 0.961733765397 1.7985592178
1338 -0.0155993891407 1.17383150628 0.568273354192
1339 0.804004080333 -0.196932127566 1.6170695079
1340 0.740559183677 0.922247828994 1.49277888115
1341 0.196171321691 1.15989227617 1.04844316146
1342 0.733526432141 0.314870026656 1.44861691783
1343 0.491827977025 0.389979910527 2.0911258555
1344 0.610620223038 1.25551004928 1.21682652093
1345 -0.677366352559 -0.393127163868 1.48324906162
1346 -0.570608722887 0.243730664626 1.58844177623
1347 -0.675716382243 0.495803718844 0.710721904124
1348 0.498089648256 0.435111277289 1.99851210376
1349 -0.113879356239 1.07587784791 0.609350139743
1350 0.867523167257 0.49071208118 1.79913656004
1351 0.717547603416 0.777763022168 0.569607986556
1352 0.0232497725967 1.40229646073 1.47062739989
1353 0.677059507823 0.682296016128 1.24440474602
1354 0.353790012533 -0.209492547717 1.81680266291
1355 -0.37356226523 -0.213052081245 2.10507102973
1356 1.04946567135 0.709768337708 1.74986902199
1357 0.800224977903 -0.354252355039 1.55402608709
1358 -0.387210668031 -0.151190182345 0.854542293636
1359 0.820145889728 1.02207381937 1.3699629123
1360 0.0481520897783 -0.389114749661 1.31732607695
1361 0.395690769849 0.945053567725 1.66017270026
1362 0.882490945406 -0.109731004697 1.9848525262
1363 0.0300755134931 0.765599774371 2.05781845604
1364 -0.671962402961 0.738826736235 1.14735245752
1365 -0.311561574513 0.895818182098 1.47145659975
1366 0.176094474827 1.15100374689 1.0002091084
1367 0.0651940968395 1.05977087479 0.893666495227
1368 -0.620861818241 0.907633815779 1.28818066234
1369 -0.684110805925 -0.140615634806 1.6877811089
1370 -0.558683175124 0.480324039276 1.75965903488
1371 0.269092962231 1.0423815657 0.975369823847
1372 0.882502006204 0.881555444375 1.32538199589
1373 0.626540894719 0.987669723245 1.45050850677
1374 1.23881846806 0.205536846201 1.27136813328
1375 0.374128294796 1.08503204661 1.22272064117
1376 -0.200614816149 0.986522480392 1.45899491149
1377 0.233997777755 0.324051109238 2.04339924965
1378 -0.254231340315 -0.0513318701254 1.76433695565
1379 0.613993581077 0.725601855837 2.03179595805
1380 -0.23154834389 0.872568607097 1.26907817693
1381 1.00894155502 0.233595561484 1.74777551451
1382 0.320746743174 1.42670684855 1.02035754528
1383 0.818548681535 0.699410381792 0.988037836857
1384 0.740419722481 0.733205121712 0.680362081037
1385 -0.209669784514 1.0176202673 1.48016687078
1386 0.765716100239 0.147312800527 1.60774369055
1387 0.108992280928 0.196993734008 2.14499011137
1388 0.609454732738 1.04688986509 1.69571621171
1389 -0.462813330581 0.170686405531 0.655949264706
1390 0.446145769002 1.11888755241 0.987396428027
1391 -0.469290510684 1.08508929122 1.04217688835
1392 -0.0971132171651 -0.207002198669 1.40583256066
1393 0.207151942701 0.633452890899 0.427057011887
1394 0.496671870946 1.36556683869 1.26760856567
1395 0.687385868794 0.302535259571 1.05871142408
1396 0.189200191505 1.25047766115 1.26352400245
1397 0.111994210463 1.28767046637 0.65060489949
1398 0.572062938206 -0.0414789014727 1.91972221767
1399 0.187462859615 0.652259650311 0.23612376831
1400 0.164170050938 1.1012690579 1.93360753505
1401 0.76099091406 -0.0217188001841 1.46245647112
1402 0.71934902472 0.210112132823 0.904894455212
1403 0.932420516619 0.826180398003 0.697713011986
1404 0.0124593199464 0.257212031262 0.613046389194
1405 0.877154450637 -0.313454655176 0.9334847377
1406 -0.718407684011 0.519419481661 1.59152329849
1407 0.348090525743 0.909905170425 0.278102311026
1408 0.374211583504 1.15769768452 1.96095439913
1409 0.441474035424 1.37657924973 1.31600971444
1410 0.214284790542 1.03053961783 0.554611985696
1411 -0.498378464571 0.0920114416142 1.58836065188
1412 0.837221307799 0.912992615102 1.51468276246
1413 -0.08786373216 0.478988661678 0.54541840529
1414 0.863319454542 0.333853354024 0.661477873162
1415 -0.101583365288 0.843126179759 0.39550889305
1416 0.0194381472726 0.930785376786 0.771109436614
1417 0.215456500998 -0.0119718571978 2.06675335265
1418 0.00973551695925 1.35100294298 1.36657521342
1419 0.573785915944 0.860773189313 0.936522991456
1420 0.946603784545 0.570564248855 1.54953857009
1421 -0.070258656844 -0.0776800094957 1.95041777302
1422 -0.143585280581 0.739558834 1.84689473314
1423 -0.529959737285 0.97801761445 1.48451045572
1424 0.0996167485598 1.10764402 0.973214699205
1425 -0.174199767623 0.336900343689 0.384720889637
1426 -0.076700041395 0.488011832301 2.03090242676
1427 0.149977312985 1.05869348368 1.15026917408
1428 -0.0518434965434 1.19839969743 1.13839612016
1429 0.837745434898 0.292078225475 1.85603751534
1430 1.03002147464 0.590364465571 0.989924742469
1431 0.698804836237 1.07986731595 1.64422145867
1432 0.302026361052 0.768104851231 1.96911259161
1433 -0.650447503717 0.435494159762 0.835506724084
1434 0.549073276534 0.335972839708 1.4533498399
1435 0.149073711974 1.16744003578 1.87610870608
1436 -0.0468426717721 0.394548925605 1.40941441084
1437 -0.658156478674 0.339452256765 1.33541827149
1438 0.385767645762 1.06112471449 1.37458426983
1439 0.508324710617 1.18227922438 0.742958109787
1440 0.663687222429 -0.228684639453 1.67273841396
1441 -0.290181518033 0.452880187011 1.91511229264
1442 0.147275902672 1.32874841565 1.43872656778
1443 -0.128340932064 0.828611603418 0.251491288103
1444 0.0184448798705 0.992998406563 0.791995314952
1445 -0.414361996254 0.8553267139 1.60501295277
1446 0.83092089092 1.09702350383 1.31706987452
1447 -0.227042682577 0.751871935315 0.858353376
1448 -0.336755517594 0.426244374917 2.21671504588
1449 -0.146445157254 0.371297990153 0.22715380136
1450 1.23377346863 0.474564524838 1.02739310597
1451 0.892155676743 0.821272377769 1.2144128786
1452 -0.466898454067 0.692576260188 1.13819726765
1453 0.162330643842 0.235920510706 1.51705689396
1454 0.205643129692 1.00085746974 1.62496828306
1455 -0.00254020876775 0.921166760451 0.437788509498
1456 -0.90240589568 0.0334034849756 0.847217533404
1457 1.13185310913 0.705310430572 1.5657690465
1458 -0.26254780942 1.10109282247 1.66685546626
1459 -0.272989127519 0.386125979515 0.88918841393
1460 -0.743177299154 0.691256156783 1.38834394904
1461 0.864755863713 0.143035393546 0.794247131226
1462 0.17072765575 0.901940564846 1.60584091798
1463 0.332221960739 0.540963896863 1.63491143598
1464 0.390544287936 0.729527541528 0.802361541984
1465 -0.711792052569 0.162135182384 1.55389500423
1466 0.195802932497 1.33899664653 1.33467163134
1467 -0.763468256638 0.240872513358 1.05948881029
1468 -0.23707685655 1.22338839047 1.50370476364
1469 -0.418649190076 0.782274019091 0.820013332083
1470 -0.319730666347 0.764139087866 0.498258283004
1471 -0.0384849440155 0.889063304752 1.8248215899
1472 0.287918940523 1.10681409624 1.35197858894
1473 -0.0893950546152 1.02248724697 0.719500342049
1474 -0.406924049289 0.668858815593 0.889738131343
1475 0.348009917655 0.0325197852835 1.37761068579
1476 0.259643049255 0.616194950767 1.54783638295
1477 0.856047681409 1.09152790889 1.10455853462
1478 -0.76704503005 0.309809040856 1.10928684879
1479 -0.22718854651 0.789361231885 1.97467301752
1480 0.583383966143 0.358661160981 1.97731956674
1481 -0.362178697619 -0.142882833067 1.62677176207
1482 0.0659036234202 -0.141294148439 2.12562468016
1483 0.964193201199 0.930566841808 1.23442124608
1484 -0.534129983962 0.676485082239 1.05012443569
1485 0.962181690653 0.351114030468 0.688565660596
1486 0.958008311249 0.784480944478 1.3319406533
1487 0.730472229519 -0.0897624628592 1.83493748588
1488 -0.293852804304 0.306916589198 1.83830632504
1489 -0.745521882893 -0.0303915801924 1.39069999478
1490 1.00072948269 -0.0992279002058 1.00216295534
1491 0.369692272626 0.684411953641 0.572407550945
1492 0.923668812991 0.926928944216 0.740583659258
1493 -0.317390787326 0.245225701451 0.817906954563
1494 -0.316544578208 0.481373043849 1.8736126818
1495 -0.303447588218 0.846843482132 1.06571543676
1496 0.221448301506 1.27529250495 0.863314862856
1497 -0.305063518714 0.716165472506 1.90979505444
1498 0.992665388091 -0.339446907099 1.32087628899
1499 0.849240020851 1.1248543122 1.0805228803
1500 0.308364776613 0.669148616697 1.98374102976
1501 0.836175173612 0.556267412001 0.881425423678
1502 -0.179065777418 1.05791195156 0.887528194855
1503 -0.0109121201795 0.289164337205 0.46052542744
1504 1.25896874872 0.499932304164 1.0746048353
1505 -0.233416967003 0.609916452553 0.43845980497
1506 0.0730735264181 0.843033633578 1.57090622477
1507 0.0248624064957 1.26509944221 0.814180594809
1508 -0.13392700649 1.18341029588 1.47766185932
1509 0.972684753003 0.597127669728 0.93592261529
1510 -0.0301646295664 0.635631880575 1.83295351291
1511 0.0187583198034 1.17588525767 1.9153107674
1512 0.614642763726 1.01003067907 1.34770156938
1513 -0.0193014331501 1.04992835014 0.4308270788
1514 0.0816960908534 1.15663057239 1.47970137635
1515 0.563159593517 -0.437440834582 0.89209720034
1516 -0.638334754371 0.309039604049 0.970207737733
1517 0.813470691821 0.785870645393 0.883329136924
1518 -0.217837014265 0.289784571908 1.89241348188
1519 1.26548636323 0.346031351015 1.17088554309
1520 0.739730606185 0.490015285579 1.82200265125
1521 0.413308802063 0.57652935015 0.561223349604
1522 0.359825660688 0.939530868997 2.05017510424
1523 -0.182956649969 1.05601310698 1.1712751208
1524 0.719819487284 -0.57816516736 1.6116197932
1525 -0.555344206323 0.578757164024 1.21174278268
1526 0.790507647206 0.195182072442 1.56779366327
1527 0.393488914752 1.20589224042 1.531931854
1528 0.372830991624 0.640205498234 2.01715758428
1529 -0.214665489588 -0.142637353947 2.03476553193
1530 -0.533043291923 0.643367094023 0.527007102617
1531 -0.261539701677 0.960990049608 1.366354472
1532 0.227805092833 1.08928838097 0.79985883286
1533 0.0311691143936 0.91618819489 1.48409745204
1534 -0.0449208269792 0.984482348684 0.470206318984
1535 0.836020145143 0.179313331587 1.86925810277
1536 0.449880481945 0.56959797071 1.06154433371
1537 -0.0611423116851 1.21615470184 1.7875654182
1538 0.156897452306 0.988064687699 0.972341962689
1539 0.339063372475 0.61825344359 1.57061423334
1540 0.169719077579 0.356485705446 0.296161485188
1541 0.122955758281 1.35593954994 1.34328529304
1542 0.315042547311 0.441605561327 1.69974932108
1543 0.831383562886 0.417839673398 1.21495709831
1544 0.442714918315 1.06873807429 1.10240989251
1545 -0.936064272846 0.0490061728012 0.975255031822
1546 -0.295067774837 1.02709596706 0.855276682307
1547 0.326467860888 0.0859540712292 1.66532129201
1548 0.220850320155 0.340773633952 0.572691454394
1549 0.789072495048 0.258183342273 0.752199113849
1550 0.763210290159 1.14182457489 1.50374172849
1551 0.0735635957453 0.386178091861 1.88748642693
1552 -0.624288223688 0.126008419444 1.39231151334
1553 -0.166686000116 0.140819264617 2.21165005661
1554 0.565643431871 0.883232455878 1.46779869435
1555 -0.577604066977 0.655737444786 0.877495240207
1556 -0.112419692318 -0.0357960648268 1.61787896084
1557 -0.434289684972 1.11778876592 1.51775163185
1558 -0.636443112708 0.0831759562336 0.931986121985
1559 -0.831974508382 0.622524458222 1.67490997084
1560 0.139635591875 -0.216725163892 1.93854997907
1561 -0.65422968986 0.507699732936 0.864358942799
1562 1.06306408224 0.486056108577 1.58131240743
1563 -0.910116437491 0.134568974548 1.2923049033
1564 0.427103704264 0.876515747596 1.60667587315
1565 0.278079143966 0.183787614039 0.862517552838
1566 -0.257734875364 0.553571507592 1.61601608548
1567 0.546294098236 0.00154980095717 2.06184287714
1568 -0.459140753961 0.727439071147 0.719415761994
1569 0.250942526048 -0.240535264481 1.79465666866
1570 0.448260132686 1.15642959216 0.815438764986
1571 -0.606786346417 0.237336247037 1.94655355326
1572 0.791873481287 0.504593181237 1.86234104628
1573 -0.269659792896 0.205754202269 0.922433744877
1574 0.687485143538 -0.148652935958 0.858059054027
1575 0.90209490528 0.405558570097 1.35721958113
1576 0.998303869037 0.024015478154 1.20518122315
1577 0.293830398559 1.10977390077 1.60502977377
1578 -0.565664631285 -0.330132543602 1.61326636705
1579 0.186075533087 1.03127183288 1.87268197964
1580 1.07156151045 0.628549617409 0.952100317423
1581 -0.183923783024 0.672546182628 1.23614569317
1582 -0.00189323256279 -0.00109457510574 2.02036797147
1583 0.0393667361451 1.21182479018 1.22400513323
1584 0.742700202291 0.432083199172 1.83463001942
1585 -0.663702795401 0.277179469618 0.795531631225
1586 -0.185013844853 0.877033589537 0.665400668561
1587 0.295046733243 1.15188538014 1.98987935671
1588 0.36584061137 0.362218033333 0.566666657175
1589 0.586203934339 0.0833614743712 1.58232648986
1590 0.383952608324 0.962961223934 1.4387271171
1591 -0.315297521285 1.1223171104 1.57518921214
1592 0.187456747595 0.704463883055 2.14886370648
1593 0.457293278561 0.798748511437 0.181765331988
1594 0.14298426607 0.75163377075 0.270917088571
1595 0.655659203571 0.915074158192 0.805091941648
1596 -0.387260176902 0.710978798827 1.39045758808
1597 0.604884064171 0.982888953888 1.82304226081
1598 0.379879242302 0.197428528103 0.355603233965
1599 -0.154358998567 0.546380489555 1.85777991314
1600 0.524738608053 0.497361593211 1.58273739413
1601 0.155845347518 1.30498933117 1.37842793655
1602 -0.281649572197 0.488959624797 1.00909142906
1603 0.207948008707 0.903648551927 1.60838255489
1604 0.77802254116 -0.0830483467014 2.06889458411
1605 0.51424716629 0.876109166078 1.90743833206
1606 -0.00742555249694 0.843601200672 0.687486065857
1607 1.05205718281 0.0665319091549 1.17272327159
1608 0.0403776467915 0.49906133334 0.0964153666646
1609 0.497507530498 0.179302220437 2.22100293445
1610 -0.553958470504 0.353462231776 0.369576879472
1611 -0.0268954847827 0.262189657004 0.399760924614
1612 -0.595955354768 0.7203206441 1.23495581943
1613 0.052003864645 0.982372773916 1.29343060617
1614 0.435254540451 0.832322938339 0.611755687225
1615 0.253949688249 0.863493009589 0.407754286395
1616 0.0647003948922 0.987309662455 1.15758439792
1617 0.256679257264 1.23125481956 0.737182476228
1618 -0.0685984160331 -0.434987034389 0.548272665391
1619 0.577146297106 1.34259981982 0.904713223255
1620 0.180056712853 0.71509221644 1.82139415359
1621 -0.24822601692 0.780745697642 1.80385260134
1622 0.249028666563 0.203859405689 2.11657600699
1623 1.01630937767 0.918136325099 0.632976691098
1624 0.436554225884 0.233917475016 0.537662075243
1625 0.129134138782 0.913785081485 1.43258551194
1626 -0.821207325528 0.407634393415 1.04406807465
1627 0.920775203286 0.627884887537 1.06346718263
1628 0.870410196225 1.00231381089 1.01221329998
1629 -0.419159887719 0.812290442002 0.913741813784
1630 0.149086187682 0.399091581376 2.36169189756
1631 1.14833405781 0.263061238061 1.28830125042
1632 0.812066030128 0.227283353487 0.982476924051
1633 0.603977851485 0.92799072337 0.534886899508
1634 -0.192443642942 0.429391036977 2.14398491931
1635 -0.56133098425 0.532003424071 0.808817205267
1636 -0.0283469349103 0.69730053134 1.97061234225
1637 0.67709521458 -0.383333014227 1.9574293646
1638 0.247806338778 0.714963127758 1.21557161264
1639 -0.504929565422 0.0825405094021 0.532420950664
1640 0.308290152207 1.1040529315 1.16506269399
1641 0.677302280989 1.00833411534 0.445659005942
1642 0.146869684737 0.787002212082 0.716694507041
1643 -0.582993464733 -0.413528770749 1.35932008242
1644 0.107073920184 -0.0948453339842 1.33073405963
1645 0.740849440559 1.18165815595 1.3658208133
1646 -0.182079475252 0.0900267745623 1.22545637622
1647 0.402661530169 1.14740658207 0.629333755765
1648 -0.44903791145 0.0902472039752 1.99488274569
1649 0.356093610186 0.98806694889 1.27341529567
1650 0.544137493981 -0.00256763457304 1.96599698172
1651 0.558482310168 0.93005568585 2.08151259559
1652 0.72585792364 1.1165650823 1.33279675308
1653 0.955305946827 -0.11888216622 1.24053725075
1654 0.740677369184 1.21173040127 1.06324125133
1655 0.539637085331 0.221700653654 1.22359012454
1656 0.139022238568 1.17938892858 1.70498838778
1657 -0.00268340237146 0.834951793889 0.661345629952
1658 0.893798480391 0.0949105976383 1.45827487736
1659 0.386196568708 0.727362470946 0.429845424842
1660 0.828119804275 0.00235068425399 1.27337240957
1661 0.953820643804 0.603736156302 1.36047113681
1662 -0.0552483496685 1.14913629469 1.33634015145
1663 -0.00509261584015 0.369999522059 0.269496606131
1664 0.619460237887 1.21287195358 1.13630801961
1665 -0.342762408697 0.192778610798 0.950341915587
1666 0.788909900674 0.432983847939 2.05488401369
1667 -0.339165262788 0.314216290108 2.22228193723
1668 0.104852944295 1.26773152131 1.27395003825
1669 1.2388505695 0.619905688975 1.32988592254
1670 0.038867342756 -0.310986438069 1.85560506807
1671 0.447709422927 0.511028660516 0.733318819612
1672 -0.170333297751 0.61390831579 0.748264499471
1673 -0.371477396753 0.999157897993 1.7631692947
1674 -0.362213471717 0.919918116721 0.639556981025
1675 0.447654879931 0.875098322203 2.14361934046
1676 0.707767527027 0.153120849067 1.96170616605
1677 -0.0398579649121 0.34720632406 2.24721837791
1678 -0.554312142455 0.470980507426 1.36606803873
1679 -0.462499082191 0.917024023245 0.849419438979
1680 1.08500966316 0.371538648325 1.72207683021
1681 0.0486645350209 1.14204428509 1.86556852648
1682 0.520458122556 1.0006581874 1.86865271994
1683 0.455487968906 0.980961596846 1.58558828109
1684 0.415857425849 1.2312990379 1.17813860317
1685 0.862977471896 1.12697885649 1.02997016587
1686 -0.689536597818 -0.407566041893 1.07438218893
1687 0.634048191675 0.144290255404 1.9906433809
1688 1.12851773483 0.715691242704 1.40552969342
1689 -0.289181762885 1.11477019552 0.850897229843
1690 0.644142109199 0.796461007249 0.429745835902
1691 -0.71226450581 0.337066390406 1.74588771028
1692 0.946984157759 0.553214522038 1.43927037153
1693 -0.264497019271 0.220571893534 1.81479738826
1694 0.563078790998 0.178010881481 0.811674731533
1695 -0.413742415484 0.338748517953 1.6881406804
1696 -0.280796970439 0.0624076342853 1.40223306468
1697 -0.620432735717 1.0269178032 1.01033129829
1698 -0.222436961317 0.517332022464 1.81384654994
1699 -0.19221667879 0.149976180488 1.1123007096
1700 0.330914213243 -0.190975736684 2.04467988851
1701 -0.252071359524 1.29885929569 1.0265764845
1702 0.182507702281 -0.171631675342 1.59592910971
1703 -0.0508282717199 0.43101349332 1.68285111818
1704 0.952620344496 0.544132141258 0.841852983687
1705 -0.291146579071 0.211963536827 0.255944634795
1706 0.745558291455 0.79442861785 2.00398315877
1707 0.391707229725 0.268099758542 1.96029338428
1708 0.245601111474 0.307124234841 0.0123679453485
1709 -0.0462839686852 0.366789895672 1.86946933289
1710 -0.52459460837 0.624419579821 1.53582625423
1711 -0.229425726205 0.451919465483 1.97437102822
1712 0.139014006209 1.06683564785 0.842675994931
1713 0.563957082234 0.982606237725 1.81092788831
1714 -0.208735774728 0.19910812651 1.33080953719
1715 0.260757288929 0.0405324695098 1.62346177606
1716 -0.321048252762 0.713354864099 0.600356325191
1717 0.185565779485 1.11630866079 1.54355272311
1718 0.460722186805 0.5773905344 1.43345943598
1719 0.446127801406 1.06237033491 1.37102393391
1720 -0.477678813275 0.311771580936 0.980423755927
1721 -0.144562904698 0.30803312752 1.51487627118
1722 0.0551480037639 0.249154500262 1.84417619096
1723 0.753157366649 0.882920946183 1.94557399715
1724 1.02957645978 0.505351421639 1.00637273276
1725 0.935608075446 -0.249918553512 1.05059000633
1726 -0.377266474193 0.607651242861 1.37407702109
1727 0.325034033533 -0.0183107715912 1.76381666399
1728 -0.0464852400904 0.564989382726 2.08530991878
1729 0.726512069627 0.383570950543 1.66215952118
1730 1.19648102371 0.265589730767 1.77858083791
1731 0.564786175992 1.24911026906 1.66386598549
1732 1.26204004204 0.585772535805 0.930433450202
1733 0.808811626754 -0.205740556089 1.10589293607
1734 0.895021995616 0.246477844575 2.12683708979
1735 1.04832051895 0.751753735477 0.946096437474
1736 0.394247030155 0.41161968307 2.32123239804
1737 0.384327074833 0.0709752245306 1.69289911078
1738 -0.0496316780215 1.16927272794 0.887662417561
1739 0.293875975454 0.0155291263664 2.13003873389
1740 0.53831618993 0.866720435007 0.592224053601
1741 0.383349531267 0.886753346369 0.881752981697
1742 -0.452159706786 0.503576290579 1.79069483032
1743 0.557861868012 0.921768694415 1.41164672155
1744 1.1155561661 0.206961873019 1.73560322428
1745 0.921984411416 0.809933882117 1.35158975125
1746 0.567462681394 0.205438597011 1.56169058163
1747 -0.791757362323 0.167435387138 1.11699269927
1748 0.593329358347 -0.294478651265 0.686870583455
1749 0.851401713527 0.91306737408 1.31740735255
1750 0.687888614546 0.684889140797 0.834911748914
1751 -0.47180085435 0.960285433281 1.89227794207
1752 0.131976252352 1.29127660518 1.077491317
1753 0.527165292658 0.533990735106 1.99410200179
1754 0.659470012686 1.04365372073 1.01833739621
1755 -0.145365213965 0.751473925761 0.712508348608
1756 -0.300111188057 0.423593198697 0.994712046532
1757 0.678988101241 0.78851952054 1.59970032152
1758 -0.582590089297 0.249446990223 1.15046313032
1759 -0.585002595783 0.511212569828 0.607437296169
1760 0.794985007976 0.499100447181 2.14940822023
1761 -0.614995126541 0.0890939648081 1.63521256474
1762 -0.4952117617 0.654152093207 1.13886612553
1763 -0.465211248947 0.901499264537 1.11675281414
1764 0.131442537003 0.972985621662 1.86230060399
1765 0.381666785658 1.33301024219 0.741651133782
1766 -0.0890255009117 0.523345767976 2.14783277882
1767 0.393707462951 1.2218639983 0.866840182182
1768 -0.0478751665229 1.20577512716 0.720654998706
1769 0.348312822187 1.19792179563 1.37359375898
1770 -0.484571472225 0.171661156238 0.571173398827
1771 0.357829430379 0.913890599737 0.568824777024
1772 -0.519622689449 0.745963744824 1.36065541599
1773 0.527773314198 1.29001593395 0.693031207483
1774 0.738206017839 0.257411031076 1.3298081273
1775 0.00294611176438 0.298596777213 1.75169413654
1776 0.401411842806 1.28203691555 1.48990730326
1777 -0.657148771859 0.657794892233 1.43801268498
1778 0.117353277745 -0.235252803787 2.08006738797
1779 1.03566849893 -0.0113585799747 1.32073450493
1780 -0.722805112161 0.275972541197 1.56641921442
1781 0.342594521059 1.19118832569 0.63615607583
1782 0.283719335298 0.826481628452 0.320074390429
1783 0.202218042741 0.79627782825 0.693189383554
1784 -0.231676461618 -0.369099350961 1.64971161572
1785 0.97448779234 0.22222733094 1.22150960847
1786 1.24783590091 -0.263768170673 1.08000093176
1787 0.0766816436669 1.02055196536 1.36092225042
1788 -0.0721881326406 0.855089013032 1.59139264771
1789 -0.0422097438725 1.15764009584 0.585522931333
1790 -0.388032681208 0.799292970355 0.900291337924
1791 0.0314304849585 0.179495689163 1.92956982275
1792 -0.314627897365 0.9141308681 2.01576922424
1793 -0.270926169305 -0.232889073751 2.08403580115
1794 0.187664233089 1.18503996956 1.58094473905
1795 -0.514512606578 0.623957458768 0.926994958696
1796 1.21623542134 0.615618010658 1.68782691445
1797 -0.14709836838 0.914485328623 1.57303626487
1798 0.602775450593 0.810857001324 0.798841928792
1799 -0.236357906588 0.778398663453 1.69624876466
1800 0.224799301907 -0.234054431264 0.677582886082
1801 -0.555941144614 0.270255530441 1.24390094713
1802 -0.808489384798 0.559475637975 0.975792661052
1803 1.10391614692 0.128668477072 1.20141457403
1804 -0.321810960317 -0.101974186999 1.7339047476
1805 -0.785012700807 0.0766981904204 1.75452249404
1806 -0.143762535487 1.15114964151 1.02011498807
1807 0.553327077361 0.233756599081 0.715998699352
1808 -0.391153296888 0.946622972336 0.732242321787
1809 -0.31762636342 0.956501070811 1.5033534561
1810 -0.720931268147 0.548102780866 1.45237002992
1811 -0.104960506739 0.290457292125 2.330001449
1812 0.155032650901 1.01811722978 1.5571526906
1813 0.973147987517 -0.365015116855 1.79842362903
1814 0.877284581691 0.753367460958 0.917237655789
1815 0.599823510112 1.03711778985 1.5442119621
1816 -0.849905936642 0.473762581995 1.29205807273
1817 -0.0504290283898 0.589676041601 1.53034733988
1818 0.312133292306 1.09095554388 1.0913910496
1819 -0.0174810911856 1.12156923228 1.29742973243
1820 0.853513849524 0.438673326079 0.967805937305
1821 0.414302585837 0.464352162148 2.01052632458
1822 1.17887984851 -0.166639244832 1.62282232773
1823 0.13235165892 0.780405555908 0.85736295135
1824 0.361184951165 0.762512491608 0.235053427389
1825 0.494939832283 0.900717109487 0.630759163854
1826 1.0276584231 -0.200285239341 1.68157810643
1827 -0.363016760984 0.174776226155 1.10730111291
1828 0.310805155037 0.0633769027863 1.52514022524
1829 0.0505559323963 0.117503987376 1.88803974788
1830 -0.321470548525 0.274528043386 1.14669971049
1831 0.719034343036 -0.000430610262558 1.19157472234
1832 0.686440365425 0.241533990328 1.93773085881
1833 0.112563083036 1.43391005805 1.06833323653
1834 0.393699646746 0.952488848917 1.8451358785
1835 0.676216818939 0.58319847734 1.59976312284
1836 0.633360016673 -0.397557525906 0.827087463126
1837 0.946673032548 0.976362499161 0.823091971044
1838 0.959824595618 1.05625632804 1.10458583396
1839 0.576472544979 0.981635853394 1.09837698315
1840 0.385029366965 0.0651860196126 2.34873837631
1841 0.647630737967 0.778011045748 2.15503198614
1842 -0.128199685452 0.608553659424 2.03490294267
1843 -0.602200846076 0.603486181387 1.19444726146
1844 0.733664334267 0.835406795128 1.27109905984
1845 -0.0674725486595 0.0386466355928 1.93160856452
1846 0.144408057236 0.338083263279 0.146104220594
1847 0.257797087511 0.985015362238 1.76242178716
1848 0.332984094391 0.783918762539 1.21797428761
1849 0.126334324187 0.678662953633 1.53606890122
1850 0.213862436166 0.296652630458 2.23724335727
1851 0.0467691442719 0.94718088674 1.89322663594
1852 0.0033814790405 1.16068710303 1.0549245882
1853 -0.669226386063 0.640490240982 0.991796429132
1854 0.618276317949 1.22981884785 0.820889361818
1855 0.391941926975 0.0544562003406 0.815398892702
1856 0.0939715693389 0.512105354392 0.166427287697
1857 0.520348797913 0.793489550626 0.420070116881
1858 -0.198926369349 0.239886594752 1.01546856259
1859 0.54160883435 0.669715154334 1.99065170573
1860 0.286233943939 1.01274945263 1.02291963685
1861 0.259001607484 1.24031441196 1.34237703729
1862 -0.143658587946 0.454684071527 1.50985736549
1863 -0.846022569562 0.260966947818 0.777767037991
1864 0.0648458685669 0.974400704838 0.752463836156
1865 0.76582344154 0.65874455932 1.65550967876
1866 -0.561694770342 0.262777565755 1.50086978865
1867 0.403532251807 0.878892759749 0.520210182192
1868 0.26922979582 1.05251411244 1.48129720903
1869 0.30965155611 1.01269800416 1.56798955279
1870 -0.263696635183 0.472057115013 0.131071672606
1871 -0.459347529945 1.25455720523 1.30731643851
1872 -0.132716203421 1.01674869421 1.30452433422
1873 0.208095844005 0.703757476344 2.06291278949
1874 0.350899595046 0.997659935568 0.476154969515
1875 1.19638516719 0.180238740235 1.40104387629
1876 0.565122626256 1.24456586425 1.37592131969
1877 0.416862887415 -0.416528867737 1.49286619623
1878 -0.17821214385 0.575455105443 1.78855477881
1879 -0.398977962147 0.384071753671 1.33358894498
1880 0.832114550231 0.944826078129 0.726590187534
1881 -0.437271786784 -0.252268186648 1.4276401669
1882 -0.674014550839 0.570058901204 1.14024935831
1883 -0.262124352351 0.421682866956 1.7405051911
1884 0.522640445212 1.07100218137 1.06521730994
1885 -0.535391450386 0.602708816749 0.847331950674
1886 0.30569507484 1.16092957585 0.808561744408
1887 0.501445306815 1.11801223911 1.1322609072
1888 0.244023303416 1.35269465753 0.923962256092
1889 -0.285189169736 1.24641878023 1.67805527208
1890 -0.546071667073 0.60512643612 1.30082964319
1891 0.14135780118 1.12017766131 1.54260829822
1892 -0.410929256503 0.635394375161 1.4239960914
1893 -0.464414563823 0.438518943216 1.27956409686
1894 0.486057766437 1.07709856854 1.3983892389
1895 -0.0251026240119 1.27525398241 1.16979519886
1896 0.215540445625 1.25596712982 0.862005943328
1897 0.109757056088 0.898526645052 1.61626788169
1898 0.329910726674 1.2545926529 0.987726477391
1899 0.333508148521 0.193505105725 0.542057550085
1900 -0.057997035587 0.644087665266 2.16945908011
1901 0.83517658656 0.12590843585 2.00562761954
1902 -0.0280213275616 0.783628485794 1.94522176041
1903 0.740513387917 0.987309798276 1.6006074658
1904 -0.167806600841 -0.202324586812 1.71041230576
1905 0.462950223331 0.849255921759 2.14984928143
1906 0.0311602669307 0.176960983254 1.73745560841
1907 0.985221700436 0.278722338356 1.37818563928
1908 -0.353587867672 0.556173906527 1.48038679642
1909 0.373121071026 0.753115768906 1.29387956192
1910 0.133411738848 0.980537731713 1.85309434123
1911 -0.880113996215 0.497406745409 1.62939240249
1912 -0.170888711005 -0.342433961959 1.39471773604
1913 0.637917960949 -0.0874105516304 1.25399719823
1914 0.676585493968 0.997897537867 1.11272855826
1915 0.936504257216 0.586562424553 2.0102747531
1916 -0.399576572707 1.11654792196 0.66782704934
1917 0.444625083573 0.677410666334 0.838432374381
1918 -0.314960054459 0.817048472419 0.537163344393
1919 -0.098855763242 0.315537900998 1.74630559267
1920 -0.330439680821 0.576208100169 2.04339346631
1921 0.604802157796 1.00357866787 0.78981096253
1922 0.207030371898 0.429351001152 2.06744539873
1923 -0.403293468624 0.56821784295 1.11518371456
1924 0.447825390547 -0.175689517933 1.8236669128
1925 -0.355668102381 0.504559208641 1.24571249664
1926 -0.105420397793 0.470600130994 2.01683999941
1927 0.196246350129 0.935738382557 1.4877675231
1928 -0.271177824564 0.580286934341 0.854630781445
1929 -0.353760373224 0.631312066585 1.0051749388
1930 -0.726709401888 -0.195286132602 1.42878464336
1931 -0.241364161549 -0.00782458460742 0.725324903757
1932 0.352341101122 -0.588355786233 0.584150101577
1933 0.931866844829 0.306584914891 0.840202887104
1934 -0.22738876255 0.507141847811 1.85271821994
1935 0.708561770152 0.526491926266 0.756514230082
1936 0.0584640949452 0.997658436806 1.28757948326
1937 -0.535448674004 -0.545491534706 1.14481645071
1938 0.675460915934 0.784799509963 0.89147124245
1939 -0.370068317237 0.973950981211 0.504613174445
1940 0.670699051785 0.961775774509 1.4472555033
1941 -0.290070793873 0.947828172786 0.497890956189
1942 0.365673638742 1.0393465467 1.56882982335
1943 -0.0701681447756 1.21071924668 1.05306021635
1944 0.182087159387 1.08296431667 1.12161896755
1945 0.443456757733 1.03213529415 0.960795149816
1946 0.0506070394756 1.02030356661 1.83383860465
1947 0.202818525938 0.483707377959 1.84599467077
1948 1.27688398923 0.594492896758 1.04143809657
1949 0.0290077747108 1.41956912564 0.947311121324
1950 0.227263376673 1.09200216682 1.85848469552
1951 0.456326057962 1.02120071471 1.26388211264
1952 0.577015138611 0.961260697126 1.47432165279
1953 0.353273504897 0.0151169407592 2.06907077474
1954 0.601259437634 0.862070714071 1.42247426909
1955 0.551846467653 1.18160830053 0.920120077496
1956 -0.84962203797 -0.101808538633 1.32615278164
1957 0.226749970687 0.832789253442 1.80002003058
1958 -0.289267391857 0.211273623873 1.21991965166
1959 0.232127699589 0.735048882599 1.71460237522
1960 -0.513030852406 0.84197253286 1.00887082773
1961 0.398787231135 0.892722925277 1.68310630461
1962 0.00204194015122 1.29667926503 1.39170393265
1963 0.337853765297 1.42771199565 1.15437177579
1964 -0.469554645092 0.908989660574 0.963034752142
1965 -0.378510193807 0.461693428894 1.77736803955
1966 0.99711185621 0.269947398637 0.654606170638
1967 0.905750145862 0.818992454274 1.64412292832
1968 0.680926098657 0.426057016962 1.72305241464
1969 -0.327555225416 0.748075058134 0.286513068147
1970 0.10162786544 1.24506682 1.70560632652
1971 0.444280864768 -0.0894674473708 0.854375394708
1972 -0.571157837241 0.535041731687 1.0906469579
1973 0.446259240717 -0.0974978913426 0.184483327291
1974 0.330019210951 0.102237851729 1.6831904427
1975 0.407032342166 -0.5506261328 1.65864791844
1976 0.177175831147 0.510287814464 1.93226546284
1977 0.224398460823 0.373803406259 0.411278738751
1978 0.731485032821 0.73254179869 0.629783160211
1979 0.439123970716 1.05139670275 1.72909227371
1980 -0.577156847895 0.972026625481 0.962944401413
1981 -0.590537333085 -0.214868129381 1.49189692422
1982 0.724124575875 0.859914635498 1.43565966047
1983 0.806723820627 0.257410351802 2.04320883628
1984 -0.458469175489 0.561068312571 1.68559380515
1985 0.502688183355 1.10479110075 1.48942437035
1986 -0.246490653649 0.992796458257 1.43474209852
1987 0.113125003742 0.733029410628 2.07459791059
1988 1.28366116848 0.0534076125157 0.938736512751
1989 -0.796481286348 0.672843304309 0.802290830609
1990 0.35289081319 0.958040572345 0.765719665748
1991 -0.350061587801 0.0641859282271 0.431707876912
1992 0.644248218088 0.675746883268 0.876905803637
1993 -0.0598772572546 0.93321864026 1.77727227984
1994 0.836328218124 0.630059547392 1.00064641892
1995 -0.17600699827 0.224291189998 0.382021535372
1996 -0.268549268695 0.331250780888 1.90029133471
1997 0.366073902091 1.24529358268 0.715995156618
1998 0.264191390136 0.955721707459 1.70781454335
1999 -0.346563558597 0.0671520679911 0.903942365988
