0 -0.73 0.06 -0.85 -1.04 0.65 0.36 -2.6
1 -1.5 -0.22 0.31 0.24 1.59 0.94 2.08
2 -1.9 -0.94 -2.83 0.46 -2.44 0.18 1.23
3 2.36 -1.4 2.0 2.19 -1.28 -0.97 -1.12
4 -1.23 -1.28 -0.37 -1.23 1.96 -0.72 -2.33
5 -1.2 -0.86 -1.31 -1.75 -2.25 1.7 -2.24
6 -0.83 1.22 -1.61 -0.4 1.94 0.56 -1.18
7 -1.72 -1.66 1.71 2.18 2.07 1.45 -0.66
8 -1.07 -1.23 2.15 -1.35 -0.28 1.6 0.92
9 -1.1 -0.87 2.16 -0.28 -1.37 0.16 0.73
10 0.43 0.04 -2.53 -1.46 -1.52 -1.81 -1.26
11 2.96 -1.17 2.73 1.59 -1.15 -1.29 -2.81
12 0.89 -1.22 1.46 -0.85 -2.16 1.14 -2.56
13 1.51 -0.85 -0.41 -1.32 2.8 -0.78 0.5
14 2.29 -1.04 2.37 -0.88 -1.25 1.51 1.38
15 -2.87 -1.71 -0.96 -0.17 0.2 -1.58 0.85
16 -0.96 0.46 0.45 2.04 -0.01 -1.86 1.59
17 -0.15 1.03 1.54 0.76 1.33 -1.34 2.71
18 3.02 0.51 -0.37 0.79 -2.33 -0.14 -0.5
19 -0.49 -1.54 2.42 1.5 -0.39 -0.83 -2.21
20 -0.87 1.46 -0.34 0.03 0.12 -0.92 1.87
21 1.24 0.73 -1.9 -0.6 2.18 -1.54 -1.62
22 3.06 1.05 -0.23 -0.7 2.86 -0.65 2.72
23 -3.0 -1.56 0.17 -2.1 2.18 -0.62 -2.63
24 -2.07 -1.16 -1.3 -0.98 2.06 1.67 -1.8
25 1.05 -0.34 -1.54 1.92 -2.71 -1.42 2.28
26 1.22 -0.39 1.16 -1.45 0.48 0.17 2.73
27 -1.96 1.64 0.8 1.07 -1.19 -0.0 1.22
28 2.52 -1.39 -0.75 1.34 -2.15 0.41 1.81
29 2.89 0.21 -0.31 -1.5 -1.31 -1.35 1.81
30 3.11 -1.32 1.74 0.02 -1.8 -0.92 2.08
31 1.17 -0.35 -2.06 0.73 0.05 -0.52 -1.05
32 -1.47 -0.57 1.75 0.49 0.62 -0.33 -3.11
33 -1.64 0.38 0.76 1.48 -0.03 -1.66 -0.89
34 -0.58 0.75 1.15 -0.43 -2.45 -0.44 -2.02
35 2.7 0.54 0.08 -0.91 -0.27 -0.21 -2.13
36 2.38 -0.38 2.67 -1.1 2.5 -0.75 -2.6
37 -2.69 -0.71 -2.56 -1.69 2.22 -1.83 2.58
38 -2.41 0.49 1.04 1.97 -0.29 -0.54 -1.35
39 -1.08 1.07 0.22 -1.89 1.47 0.36 -2.71
40 -2.71 0.97 1.01 -0.99 0.68 0.72 3.04
41 -1.57 -0.94 0.1 0.09 -1.18 0.71 0.68
42 -1.94 -0.54 -1.5 0.44 -2.73 -1.78 0.65
43 -2.69 0.72 -1.84 1.64 2.74 1.5 2.1
44 0.19 0.55 0.99 -1.16 -2.85 -0.73 0.78
45 1.76 1.03 -2.4 -0.62 -1.94 1.01 -0.1
46 -3.01 -1.73 0.87 0.51 0.44 1.03 -0.43
47 0.7 1.41 -0.03 1.25 -2.12 -0.03 2.69
48 0.02 -1.81 0.22 0.57 -1.91 -1.15 -2.33
49 -0.96 0.3 0.32 0.83 1.6 -1.47 0.37
50 0.28 -1.06 -0.97 0.35 -1.19 -0.13 1.59
51 1.83 1.07 -1.42 0.42 1.29 1.64 0.96
52 0.74 -1.31 2.34 1.51 1.26 0.39 0.89
53 3.11 1.71 -1.3 -0.46 -0.45 1.52 -0.18
54 1.4 -1.67 -1.64 0.73 -1.27 -1.63 0.46
55 -1.76 -0.37 0.02 0.63 2.01 -1.5 -3.01
56 -2.43 0.93 1.45 -0.12 0.33 0.39 2.89
57 2.75 0.17 -2.88 1.16 0.32 -1.09 0.8
58 0.3 -1.59 -1.38 0.51 0.41 -0.43 -1.01
59 -0.38 0.93 -2.5 0.22 -0.47 -0.18 1.87
60 0.08 -0.13 -2.34 -1.07 -1.64 0.24 -2.37
61 -1.7 -0.69 2.29 -1.52 -1.43 0.7 2.69
62 -0.88 1.6 0.22 -1.64 -1.51 1.53 -0.04
63 -2.25 -0.54 2.06 2.14 0.77 -1.74 0.66
64 2.94 -0.56 2.37 0.48 1.52 -0.49 -0.1
65 1.04 -0.74 -2.77 1.14 -0.03 -1.45 2.36
66 2.61 1.83 -2.55 -0.53 -2.74 -0.98 1.63
67 -0.14 1.74 -1.6 2.28 -0.36 0.06 -0.48
68 -0.71 1.2 -1.08 2.13 -0.61 1.28 -0.98
69 1.28 -1.7 2.54 -0.63 2.38 -0.5 -0.72
70 0.41 1.83 0.39 0.04 -2.37 -1.51 1.92
71 1.09 -0.56 -2.89 -0.79 2.36 -1.08 -0.64
72 0.47 1.11 -0.99 -1.59 2.18 -0.83 1.95
73 0.58 -0.33 -0.32 2.0 -0.25 -1.15 -2.79
74 -0.81 1.84 1.67 1.15 2.06 -0.83 1.81
75 2.7 -0.61 -2.82 0.33 -1.58 1.41 2.56
76 -2.88 1.43 -0.48 0.62 -0.29 0.71 -3.02
77 -1.28 0.18 2.68 2.02 1.07 1.82 -1.62
78 -1.19 -1.53 -2.35 0.47 1.78 0.3 1.97
79 2.99 1.31 -0.15 1.45 0.08 -1.53 1.15
80 -0.93 1.79 -2.28 -2.15 -2.89 0.96 1.66
81 -0.09 0.04 0.99 -2.09 -1.17 -0.29 -2.54
82 -0.13 0.19 1.28 1.69 1.0 -1.81 -2.68
83 0.34 -0.78 -2.2 1.78 -2.7 -1.01 1.85
84 2.27 -0.89 -2.32 -2.07 -0.53 -0.98 -1.24
85 -0.32 1.03 -2.29 1.6 -0.31 0.96 -1.58
86 -0.56 -0.83 -1.43 0.59 0.71 -0.94 -1.27
87 1.23 1.58 2.28 -2.04 -0.78 -1.36 -0.29
88 1.97 -1.58 0.59 0.27 -0.37 0.11 -2.05
89 -2.67 1.7 -2.77 -1.02 1.0 1.46 -2.61
90 2.09 -1.03 1.56 -0.68 -0.02 -1.33 -2.22
91 0.81 1.49 -2.93 1.48 0.55 -0.49 1.03
92 -2.56 -0.13 0.99 -2.35 -2.0 -0.21 -0.27
93 -0.31 0.48 1.86 -0.5 1.82 1.68 -1.71
94 0.99 0.61 -2.38 -0.66 -1.59 0.34 -0.47
95 2.47 -1.48 -2.64 -1.87 -2.86 0.39 2.74
96 2.53 -0.1 2.43 1.96 -1.84 -1.18 -1.71
97 -1.79 1.1 -2.92 1.11 -2.79 0.89 1.33
98 -2.42 0.54 2.45 1.68 0.43 0.82 1.09
99 1.06 -0.38 0.12 2.2 -2.44 0.36 -2.35
100 -1.9 1.37 1.76 0.6 -1.63 -0.62 0.4
101 2.75 1.73 2.82 -2.0 -3.01 -1.06 1.39
102 -1.22 1.89 0.23 0.37 2.17 -0.16 -0.04
103 -1.56 1.01 1.9 0.08 -3.07 1.56 -1.36
104 0.28 -0.61 1.86 1.81 1.26 0.81 2.59
105 3.12 -0.3 -2.32 0.73 2.45 -0.24 -2.27
106 -0.2 -1.02 -0.31 0.34 -2.81 0.8 -2.84
107 0.5 -1.41 -2.58 2.21 0.09 1.21 2.18
108 1.36 0.22 0.19 -0.65 -2.35 -1.61 2.73
109 2.43 -0.23 -0.01 -0.53 -0.56 1.35 -2.95
110 -0.19 0.49 -0.43 -0.79 -0.77 -0.41 -1.11
111 -2.87 1.21 -1.01 -0.4 -1.3 1.67 -2.1
112 -2.7 -1.23 -2.0 -1.72 -1.09 0.34 -2.98
113 1.48 0.59 -2.45 1.71 -2.88 0.03 -0.75
114 -0.48 -1.34 1.01 2.25 2.24 0.36 2.71
115 -0.69 -0.74 1.88 1.26 0.56 0.98 -2.46
116 1.42 -0.52 -1.31 -0.98 1.64 1.73 -1.73
117 2.75 -0.89 -2.54 -2.29 1.63 -1.51 -0.97
118 -2.47 1.54 -1.56 1.55 1.32 -0.69 -2.37
119 -1.58 1.71 -0.52 -1.53 1.79 1.15 -0.86
120 -1.87 0.34 2.34 -1.09 0.92 1.67 -0.76
121 -0.89 -1.45 -1.5 -1.84 1.49 1.06 -0.47
122 -1.37 -1.51 0.48 -1.37 -0.69 -1.75 -1.11
123 2.75 1.67 -1.8 1.98 -2.01 0.26 -0.28
124 1.96 -1.03 1.06 1.26 -3.11 0.24 3.04
125 0.97 1.56 -1.45 -1.21 1.18 1.27 -1.33
126 -0.89 0.28 -2.22 2.12 -1.14 0.7 2.92
127 -1.67 -0.37 -2.19 1.72 2.82 -0.6 -2.37
128 -2.31 -0.21 0.49 0.84 3.05 -1.36 -0.3
129 2.3 0.49 -1.11 -0.96 0.01 0.79 3.06
130 -2.49 0.48 0.89 -1.95 -2.64 -1.23 1.11
131 0.73 -0.02 0.74 -0.43 1.75 0.75 -0.51
132 0.4 0.93 1.59 -1.17 2.35 0.38 3.01
133 -0.03 -1.25 2.88 0.11 0.27 -0.64 0.17
134 1.44 1.19 -0.89 1.38 -0.85 -0.86 -2.86
135 -1.78 -0.54 0.78 -1.76 1.61 0.94 -0.62
136 2.83 0.51 -2.8 1.02 -1.49 -0.45 -1.06
137 1.93 -0.65 1.84 -2.06 -1.52 1.22 -2.45
138 0.81 0.47 0.73 -1.31 -1.82 -1.25 -0.78
139 -3.11 -0.69 -0.38 0.76 0.6 -0.84 -0.79
140 2.71 0.25 0.91 1.98 -2.73 1.34 1.88
141 -1.68 1.45 -2.21 -0.56 2.15 0.38 -1.78
142 1.62 1.21 -1.83 0.21 -2.94 0.34 -2.55
143 0.77 0.01 -1.76 1.34 1.39 1.16 2.28
144 -1.21 -0.08 1.73 1.3 -1.95 -0.25 0.63
145 0.63 0.49 2.44 -0.86 -0.62 0.74 -2.72
146 -1.68 -1.39 -2.61 -0.16 -1.18 -1.1 0.26
147 -0.65 0.51 -1.56 0.25 1.95 0.94 -2.97
148 1.96 -1.55 0.63 0.89 1.79 0.32 -1.21
149 -0.16 0.18 -1.59 1.42 -0.72 0.2 1.56
150 -1.69 -0.7 -1.51 1.75 0.16 0.79 -1.56
151 -2.57 0.08 -0.9 1.38 0.96 1.8 -1.84
152 2.3 -0.48 -2.64 0.68 0.52 -1.4 0.01
153 2.53 -0.92 1.42 -2.14 -1.67 1.68 -2.59
154 -2.46 -1.82 -1.21 1.53 -1.83 1.14 -3.0
155 -0.64 -0.31 -0.8 1.64 0.71 0.02 -3.06
156 -1.42 1.81 -1.26 -1.83 0.54 -0.69 2.19
157 2.38 -1.56 -1.07 -2.11 1.73 -1.03 -0.98
158 -0.36 0.45 1.37 0.16 1.65 -1.78 1.62
159 1.63 0.89 0.68 -1.8 -1.31 0.11 -0.63
160 -2.49 -1.44 2.61 -1.52 -2.82 1.78 -0.74
161 -1.07 -1.36 0.34 -1.34 -2.48 0.54 3.13
162 -2.6 -0.3 -1.61 -1.74 1.28 -1.9 -0.63
163 2.35 0.0 1.58 -0.38 0.85 -0.43 2.49
164 0.2 -0.85 0.53 0.7 -0.81 -1.35 1.06
165 2.9 -0.79 -2.67 0.49 2.89 -1.27 -0.42
166 -1.27 1.8 -0.97 1.99 1.05 1.54 2.98
167 -2.77 -0.64 2.43 -0.81 0.47 1.23 -3.06
168 2.35 -1.26 1.17 1.1 1.4 0.57 2.57
169 -1.14 0.31 0.75 1.67 0.99 -0.59 0.53
170 2.44 0.66 1.11 1.77 2.33 1.84 -0.16
171 -2.2 0.2 -1.47 -1.75 0.24 -1.18 -1.47
172 -1.71 1.05 -2.38 1.1 -1.83 -1.77 2.37
173 -1.4 -1.11 -2.33 -1.41 -0.36 -0.85 -2.47
174 -0.49 0.99 -1.85 0.81 2.04 -0.45 -3.07
175 -2.5 0.88 1.26 1.51 -0.02 -0.5 2.76
176 -0.9 0.68 0.46 1.63 -2.94 0.6 1.72
177 -0.25 1.56 -1.16 -0.31 1.6 -1.28 -0.81
178 0.72 -0.96 1.52 0.38 0.32 -0.36 -0.78
179 -1.29 0.88 -0.45 1.79 2.54 1.18 -0.36
180 0.44 1.11 -0.9 1.19 -2.83 -0.21 -2.73
181 0.87 -0.49 1.77 -0.79 -1.29 1.08 -0.73
182 1.19 -1.31 -0.27 1.97 0.94 1.14 1.94
183 3.1 0.77 2.19 -0.68 -2.89 -1.04 -1.55
184 1.72 1.06 2.65 0.89 2.95 0.31 1.46
185 -0.48 -0.11 -2.74 0.59 2.63 -1.01 2.56
186 0.05 1.46 -1.35 -1.74 1.79 -0.73 -2.3
187 -1.59 1.41 1.63 -1.84 2.09 0.7 -2.62
188 -2.53 0.67 0.07 -1.05 -2.82 0.72 0.82
189 -2.05 1.37 -0.24 0.7 2.35 0.21 -1.51
190 1.06 0.19 -0.35 -0.12 -1.47 1.22 -0.31
191 2.32 1.75 -2.04 2.09 -2.77 1.62 2.29
192 -1.42 -1.54 -0.86 -1.41 -2.18 1.51 2.56
193 -0.78 1.77 0.81 0.54 -0.19 -0.63 -2.33
194 1.37 -0.94 1.71 1.38 -1.38 0.45 -2.0
195 -0.27 -1.45 2.79 0.49 2.67 -1.69 1.8
196 1.72 -1.41 0.55 1.86 -0.39 -0.37 2.38
197 0.27 0.6 -0.52 1.58 -2.31 0.36 -1.74
198 -0.52 0.16 1.02 -2.04 1.44 0.58 0.48
199 -1.99 -0.47 1.84 2.02 0.98 -0.81 -2.59
200 0.24 -1.49 -2.25 -0.09 3.08 -1.4 1.47
201 1.16 0.16 -1.76 1.62 -3.09 -1.42 0.65
202 1.11 -1.61 -2.58 -1.65 0.07 -0.71 -0.12
203 -0.95 1.37 -0.98 -1.64 -1.52 1.29 0.46
204 1.94 -1.21 -0.73 2.33 -0.79 0.01 2.61
205 0.62 -0.8 1.66 -2.32 -0.71 0.94 1.16
206 -0.95 -0.18 -0.36 0.59 2.12 -1.56 2.58
207 1.93 -0.15 -1.37 2.33 1.52 -0.33 -3.04
208 -1.85 0.35 -1.26 0.14 2.82 -0.59 -2.12
209 3.01 0.87 -2.03 -1.51 -1.43 -0.97 1.97
210 -1.01 -1.45 2.85 1.69 -2.35 0.0 -1.58
211 0.51 -0.29 0.93 -1.86 1.97 -0.28 2.01
212 0.81 -0.94 2.1 -2.14 -2.58 0.16 -2.33
213 -0.8 0.27 -0.52 -1.72 -0.41 0.87 2.15
214 1.14 0.16 2.52 2.08 1.51 -1.71 -0.67
215 1.48 -1.63 -2.63 0.53 1.85 -0.21 2.12
216 2.62 -1.89 1.82 -0.72 -0.99 -1.15 -2.56
217 1.72 -0.23 -2.37 -0.12 -0.4 -0.21 -0.63
218 2.16 -1.76 -1.08 0.1 -0.41 -0.89 -0.22
219 2.47 1.86 -2.92 -1.66 1.85 1.8 2.35
220 0.64 0.32 -0.1 -2.23 1.04 0.92 2.79
221 -2.29 -0.65 2.0 0.61 2.9 -0.68 -0.79
222 0.14 0.22 -0.48 1.09 1.57 0.45 0.79
223 -3.03 0.44 2.3 0.45 1.61 0.03 0.74
224 2.9 -0.21 -0.08 0.77 -2.54 -1.0 -1.07
225 -3.04 1.03 -0.41 0.33 1.52 -1.89 -1.28
226 3.06 -1.01 -2.58 2.22 -1.05 -1.54 2.22
227 2.21 0.38 1.13 -0.45 2.32 0.68 -0.13
228 2.98 1.42 1.6 0.94 2.13 -0.04 -3.05
229 2.59 -1.73 -2.63 -1.84 -3.09 -1.24 2.59
230 -1.65 1.54 -0.52 1.39 -0.43 0.41 0.75
231 -0.12 1.1 -1.58 0.82 -2.68 1.7 -0.24
232 0.2 1.18 -0.28 0.79 -2.37 0.06 -1.36
233 -1.33 -0.37 -2.22 -1.58 1.54 -0.21 -1.67
234 -1.21 0.14 -1.14 -1.89 -2.38 -1.34 0.28
235 0.69 -1.08 -2.25 -0.8 -0.86 1.51 -0.29
236 -2.67 1.26 0.79 -0.82 1.52 -0.75 0.54
237 1.87 -1.75 -2.06 -0.68 -1.71 1.77 0.51
238 2.14 -1.64 0.47 -1.36 -0.54 -1.16 -0.11
239 1.19 -0.71 0.6 -1.15 1.66 -0.89 2.42
240 -0.36 0.56 -0.44 -1.04 -2.3 -0.05 0.88
241 -2.73 1.56 -2.28 -1.71 2.55 -1.17 0.64
242 -2.86 -0.26 -2.93 -0.54 0.1 0.3 -0.21
243 -2.55 1.01 -0.21 -2.0 1.74 0.55 -1.87
244 -0.1 1.73 -2.31 -2.17 -2.28 -1.3 2.0
245 -1.35 0.24 1.06 -2.06 -2.71 -1.01 -3.12
246 3.06 -1.24 2.3 -1.91 1.73 0.16 0.9
247 2.76 0.87 -2.64 1.6 0.58 -1.28 -1.81
248 -2.3 0.38 0.14 1.21 -1.99 0.37 -2.14
249 1.84 0.27 -2.09 0.51 -1.34 0.2 0.6
250 -3.1 0.44 2.73 -2.14 0.95 0.63 -2.56
251 0.72 -1.16 -1.37 0.48 1.53 1.73 -0.3
252 2.07 -0.96 -1.47 1.11 -3.05 -1.27 -0.4
253 -2.24 0.3 -0.48 0.84 0.28 0.41 -0.07
254 -0.34 1.89 1.04 1.22 2.05 -1.67 -0.07
255 -2.84 -0.8 -0.65 1.2 0.07 -0.48 -1.15
256 -1.58 -1.08 0.84 -1.1 3.0 -0.34 0.2
257 2.85 0.5 -1.93 0.43 -1.56 -1.06 -2.73
258 -0.86 -1.13 2.28 1.67 -2.76 -1.19 -2.56
259 0.35 1.06 1.72 -0.49 1.46 0.64 3.07
260 0.27 1.03 2.71 1.53 -0.68 0.81 2.73
261 1.41 -0.11 -2.09 0.89 -2.25 1.26 -2.37
262 -0.31 1.73 2.81 -0.3 -1.07 0.13 -2.61
263 -2.95 -1.83 -1.61 -2.19 2.14 0.13 0.79
264 -1.8 1.58 0.6 -2.02 2.86 -0.78 2.26
265 -3.08 1.76 1.42 2.04 -2.13 -1.07 0.77
266 1.38 -1.26 -1.27 1.88 2.11 -0.51 -0.3
267 -1.99 0.87 -1.13 -0.35 -1.43 -1.4 1.01
268 2.1 0.81 -0.37 0.9 -2.1 -0.13 1.39
269 3.09 1.08 1.43 2.09 -1.56 -0.46 0.39
270 -0.22 0.44 -1.46 1.61 2.81 -1.28 0.06
271 -1.88 1.67 -2.01 0.78 2.19 0.62 -2.43
272 -0.65 -1.13 -2.77 0.53 -0.1 1.43 0.77
273 0.55 0.38 0.62 1.18 -0.87 1.7 3.03
274 -0.84 0.57 0.29 0.02 2.11 -1.13 -0.76
275 -1.82 0.8 -0.8 1.15 1.3 1.03 1.58
276 1.13 0.2 0.73 1.68 -2.48 -0.71 2.8
277 1.2 -0.34 2.45 1.43 -1.66 1.7 1.77
278 0.35 0.91 -0.7 -0.63 2.5 1.29 -2.58
279 -2.45 1.23 1.25 0.05 2.1 -0.74 -2.48
280 2.57 -1.45 2.17 1.22 -0.59 1.22 -1.78
281 1.16 -0.96 0.91 -0.53 -0.9 -0.05 -0.39
282 -2.09 1.18 -2.24 1.08 -0.46 -1.01 -0.23
283 -0.24 0.51 1.0 2.03 -1.65 0.74 0.22
284 2.06 1.02 -0.62 -0.57 -1.03 0.72 -3.13
285 -1.56 -1.56 1.82 1.78 -0.78 0.88 -1.98
286 -1.39 -0.3 -0.15 1.82 0.4 -0.77 -1.56
287 -1.65 0.54 2.76 0.57 0.72 -1.45 2.94
288 1.94 -0.19 2.08 -0.2 2.22 1.37 0.76
289 -1.28 1.39 2.58 2.13 3.04 -0.47 2.38
290 -1.55 -0.02 0.96 -1.52 -0.99 0.37 -2.66
291 0.76 -1.45 -0.26 0.54 -0.14 0.11 1.65
292 1.47 1.32 -0.88 2.22 2.07 0.34 0.07
293 -1.65 0.09 -0.48 -2.28 -2.67 -1.31 1.65
294 -0.53 -1.66 -0.49 -1.58 2.93 -1.23 0.08
295 -2.42 0.05 -1.52 0.87 1.83 -1.56 2.25
296 2.86 -0.97 -0.95 1.76 2.74 -0.9 1.86
297 1.05 -0.4 1.4 -1.84 1.66 0.19 1.96
298 1.1 -0.85 0.83 1.45 1.72 -1.34 -1.59
299 2.16 0.59 -0.2 -1.37 -1.23 1.6 0.25
300 1.8 -1.24 -2.85 -1.71 -1.07 -1.81 0.22
301 -0.23 0.41 1.45 0.53 -2.07 1.45 1.2
302 1.72 0.27 -2.4 -1.32 2.53 0.71 2.52
303 1.37 0.06 -0.35 0.36 -0.96 0.3 0.28
304 2.96 -0.75 2.29 0.78 -1.38 -1.14 -1.12
305 2.66 1.45 -1.73 -0.84 -1.75 -1.76 0.11
306 -0.26 -0.15 1.38 -0.3 -2.86 -1.39 1.77
307 0.3 -1.82 -2.2 -2.25 0.43 1.76 -0.87
308 -1.72 1.69 0.12 0.28 -2.55 0.8 2.68
309 -0.02 1.31 2.71 -0.97 -2.36 -1.12 2.91
310 1.36 1.81 -0.03 1.76 0.62 1.55 0.52
311 0.49 -1.61 -0.52 -1.53 2.87 -1.47 -1.5
312 -2.94 -1.08 -1.0 -0.51 -0.28 0.29 -2.01
313 0.68 -0.01 -0.44 1.44 -2.77 -0.46 -0.97
314 0.41 -0.1 2.53 -0.49 -2.96 -0.68 -2.31
315 2.3 -0.06 1.31 2.16 1.79 -0.59 -1.84
316 1.37 -1.43 2.03 2.21 -3.02 -0.42 -2.61
317 0.49 0.85 -0.86 0.8 1.02 1.44 0.14
318 -2.03 0.66 -2.71 -0.39 -0.61 1.06 -1.94
319 -1.55 1.8 0.54 -0.99 1.77 1.72 1.78
320 1.41 1.18 2.22 2.11 2.53 0.57 2.54
321 2.46 -0.11 -0.26 -2.15 1.25 -0.42 0.2
322 -0.94 -0.96 2.83 0.81 1.27 1.46 -0.09
323 -0.03 0.48 2.81 -0.32 1.33 0.4 -2.13
324 -1.0 -1.62 -1.59 -0.32 -0.67 -0.34 2.06
325 0.35 -0.26 1.46 0.44 0.35 1.78 -1.65
326 -2.02 1.54 -1.62 1.18 -0.91 -1.12 -2.44
327 -2.4 -0.33 0.36 -0.48 -1.92 -0.64 -2.48
328 -0.08 -1.78 0.32 -1.79 0.66 0.18 0.77
329 2.11 -0.63 0.72 -2.15 -1.99 1.34 -0.42
330 -2.69 -1.78 1.7 -0.88 -1.66 0.36 -2.86
331 -3.01 1.01 -2.13 -1.29 -0.77 1.78 -0.15
332 0.73 -0.77 0.68 2.34 -1.26 1.74 1.24
333 -0.65 -1.22 0.86 0.64 -1.18 -1.09 0.8
334 -1.4 -0.19 0.99 0.59 1.38 -0.12 -2.51
335 -2.81 -0.96 -2.71 -2.3 1.13 0.19 1.13
336 -0.75 -0.36 2.2 0.66 -2.66 -0.99 -1.67
337 -1.51 1.43 1.54 1.7 -1.54 0.33 -0.54
338 0.49 -0.63 -2.77 0.6 2.95 0.88 2.24
339 2.78 1.18 -0.45 0.86 0.6 -0.98 1.94
340 2.24 -0.09 -2.49 -1.59 -3.03 -0.82 1.69
341 -1.05 1.52 2.71 -2.25 -1.7 -0.21 0.77
342 -0.29 0.31 2.1 0.12 1.59 -0.3 0.96
343 -2.56 1.2 1.37 1.12 2.08 -1.67 0.58
344 -0.75 -0.39 -1.0 1.04 2.43 0.12 2.6
345 -0.6 0.5 2.77 1.83 0.03 -1.88 0.35
346 0.6 -1.74 -1.23 1.9 -1.36 -1.88 1.84
347 2.49 -0.08 0.59 -0.77 -0.76 -1.82 1.74
348 1.83 0.25 2.92 -1.22 1.88 -0.32 0.95
349 -2.3 -1.08 -1.34 -2.03 0.39 0.21 -0.07
350 -1.35 1.0 -2.21 -0.72 1.64 -1.63 0.94
351 1.44 0.15 -0.43 0.63 -1.77 0.91 -1.85
352 1.34 -0.31 1.74 -2.01 2.73 -1.18 1.39
353 0.74 -1.72 1.4 1.19 1.78 0.06 0.01
354 1.23 -0.89 -2.06 1.3 -1.88 -1.65 -0.14
355 0.17 -0.97 0.22 1.87 1.69 1.53 0.8
356 0.78 1.24 1.84 1.4 0.28 -1.62 1.01
357 1.64 0.72 1.46 -0.03 0.25 -0.94 1.96
358 2.42 -1.1 1.5 -1.57 2.34 -1.47 -1.91
359 0.14 0.07 -2.56 -2.2 2.57 -0.03 1.76
360 1.33 -0.87 1.23 -1.03 0.8 0.57 1.87
361 -0.59 -1.26 1.84 -0.75 0.8 1.33 -1.72
362 2.36 -1.08 -2.2 0.11 0.29 -0.82 2.28
363 -1.45 -0.66 -2.83 2.35 0.79 0.93 -0.98
364 -1.51 -1.46 0.95 -1.64 -2.21 1.72 -2.42
365 0.27 0.64 -2.88 -2.24 -0.12 -0.84 1.08
366 -2.64 -0.81 -2.24 1.97 1.34 -1.34 1.65
367 -1.08 -1.58 -2.53 2.04 2.86 1.41 1.66
368 1.61 0.5 -1.98 -0.01 3.07 -1.71 0.4
369 -1.08 -0.9 1.69 -1.36 1.05 0.88 1.47
370 -1.01 -1.48 0.84 -1.34 1.89 -0.62 1.89
371 -2.95 0.66 -0.18 1.68 -0.78 -1.87 1.85
372 2.33 0.15 -2.7 1.85 0.24 -0.31 2.42
373 1.55 1.32 0.6 -0.04 -2.61 -0.48 0.11
374 -1.18 1.62 -1.59 1.46 -1.11 1.47 2.22
375 2.77 0.87 0.8 1.97 -1.76 1.79 -2.55
376 -2.81 0.32 -1.33 1.32 -0.47 -0.24 -0.1
377 -3.0 0.34 -2.2 0.93 1.73 -1.58 1.28
378 -0.2 1.76 1.27 -2.01 -1.4 -1.67 -2.39
379 -0.31 0.65 -1.87 0.77 0.85 -1.42 -2.07
380 -0.63 -0.09 0.98 0.59 -2.65 0.05 -0.34
381 0.87 -1.33 2.85 0.84 -1.84 0.33 2.21
382 -1.75 0.28 -1.21 1.84 1.81 -1.26 -0.12
383 -2.53 0.82 -1.43 1.38 1.62 1.35 1.62
384 0.3 -0.88 0.66 1.98 -0.85 -0.13 -0.17
385 1.68 -1.13 0.06 0.22 -0.56 -1.05 -0.12
386 0.63 0.64 2.65 0.96 0.11 -1.35 -2.15
387 -2.87 -1.75 -1.82 1.64 -0.39 -0.86 0.72
388 -0.36 0.69 -1.51 2.11 -1.14 1.79 1.28
389 0.97 0.13 -1.41 0.84 2.96 1.72 2.28
390 -2.48 -1.2 2.5 -1.19 -1.54 -0.31 -2.49
391 -2.24 -0.55 1.94 0.11 -1.87 1.86 2.87
392 1.97 0.8 0.86 -1.35 -2.11 -1.06 -0.55
393 1.28 -1.84 1.08 -1.31 1.78 -0.16 -0.69
394 1.83 -1.58 2.3 -1.09 -1.28 0.27 -0.3
395 0.22 1.27 -0.31 0.77 -0.11 -0.26 0.97
396 -2.02 -0.53 -1.32 -0.83 2.98 0.49 1.52
397 0.81 -0.11 -0.78 0.41 3.05 1.84 1.82
398 2.15 -1.81 -1.85 -1.59 -1.54 -0.15 2.54
399 1.52 -0.75 -0.9 1.58 -2.39 1.84 -2.64
400 -0.59 1.36 -2.82 -0.45 -0.41 -0.21 0.48
401 -1.97 -1.19 -1.23 1.23 -1.42 0.92 2.43
402 1.27 -0.57 1.72 -1.39 -2.63 -1.9 2.29
403 -0.16 0.27 -1.2 -1.33 -2.12 -0.97 -0.98
404 0.52 -1.08 -1.21 -2.25 2.09 1.82 1.53
405 0.48 -0.5 0.27 1.69 0.5 0.3 -0.41
406 1.02 -1.29 0.9 -1.95 -2.69 -0.63 -1.58
407 1.26 0.9 2.72 -0.18 1.59 0.68 1.26
408 1.95 -1.11 1.17 0.89 2.72 -0.74 1.86
409 -1.26 0.38 0.51 -0.47 -1.81 -0.65 -1.87
410 -2.78 -0.45 0.58 0.67 -0.98 1.73 1.18
411 0.99 -1.34 0.77 -0.02 -1.52 -0.7 -1.34
412 0.4 0.6 0.76 2.06 1.42 1.56 0.2
413 2.73 1.15 -2.51 -0.28 -2.11 -0.98 -2.79
414 -1.85 0.49 1.17 -0.3 1.0 -0.98 2.42
415 -1.4 -1.67 2.8 0.91 1.24 -1.3 2.51
416 -2.22 1.36 -1.59 0.47 -0.2 -0.17 3.0
417 -2.13 -1.82 -0.41 0.86 2.12 1.6 2.29
418 -0.44 0.85 1.73 0.46 -2.09 -1.41 -2.11
419 -1.94 -1.29 2.01 -2.21 2.2 -1.07 0.89
420 2.35 -0.82 2.89 1.64 2.7 -1.65 1.33
421 -0.24 1.35 -0.44 -1.9 -2.12 -0.99 -1.37
422 0.21 0.1 2.58 2.18 2.51 -1.88 2.61
423 1.49 -1.06 0.88 -2.17 1.57 -0.62 -1.73
424 2.07 1.35 0.75 2.11 -2.7 -0.88 2.62
425 -0.69 0.57 2.61 -0.06 -2.2 -1.39 0.52
426 -3.07 -1.41 1.14 -1.61 -1.68 -0.06 -2.63
427 0.09 -0.88 -1.99 0.28 -1.71 -1.63 -0.5
428 1.57 -1.8 -1.4 -2.2 0.62 -0.44 0.94
429 3.13 1.0 0.79 2.11 2.0 1.58 -0.65
430 0.11 -0.73 -2.1 0.34 2.75 -0.66 2.35
431 0.41 -1.35 -1.68 1.43 1.67 1.31 2.15
432 2.34 0.9 -1.95 2.27 1.29 -0.49 -2.14
433 -0.76 1.3 1.27 1.72 -0.73 -0.49 1.5
434 0.35 1.56 -0.42 -0.8 2.24 -1.72 -0.99
435 0.79 -1.43 1.28 0.74 0.96 1.34 -3.11
436 -0.64 0.36 2.25 -1.37 -0.24 -1.78 -1.71
437 -0.8 0.65 -0.68 -0.7 3.12 -0.1 1.01
438 -3.03 -0.91 0.67 -0.04 -1.91 -0.79 2.48
439 -0.73 -0.82 0.83 -1.64 2.07 1.53 2.97
440 2.62 0.68 -0.08 -0.37 -1.17 -1.46 0.97
441 -2.68 -0.82 -1.36 1.95 2.41 -0.27 -1.08
442 -0.63 0.03 1.65 0.52 -1.98 1.38 2.92
443 1.26 0.92 -2.83 -1.97 -1.04 0.36 -0.52
444 1.12 0.64 0.19 -1.69 0.79 -1.66 -1.83
445 -0.38 0.05 1.84 -1.03 -1.37 -1.38 2.97
446 2.03 0.42 2.94 0.77 1.5 -1.13 -2.05
447 1.87 -1.05 -1.8 0.04 -0.36 0.95 -0.53
448 1.92 -0.5 -1.79 -2.34 2.33 0.61 2.98
449 -1.83 -0.32 0.9 -1.69 2.08 0.09 2.13
450 -2.5 0.79 -2.24 0.44 -1.89 -1.79 -0.74
451 2.91 -1.53 -1.96 -1.08 1.73 1.46 1.99
452 -2.46 0.22 -2.82 0.26 3.04 1.11 1.68
453 -3.13 -1.06 0.91 -2.17 -0.67 0.72 2.59
454 -0.07 -0.29 1.25 -0.09 1.37 1.33 0.6
455 2.63 1.55 1.34 -0.91 0.62 -1.13 1.39
456 1.3 -0.54 1.39 1.78 0.43 0.66 -1.58
457 -2.25 1.79 0.31 0.1 -1.44 -0.59 2.74
458 -0.96 1.5 -0.34 -0.61 0.83 -0.34 -0.01
459 -1.11 1.26 -0.73 -1.39 0.33 1.42 2.16
460 2.55 -1.52 0.26 -2.16 1.76 0.84 1.58
461 -1.97 0.68 -1.23 -1.29 -0.85 1.41 2.45
462 -0.68 -0.55 -2.62 -1.44 -1.83 0.83 -0.36
463 2.55 0.93 -2.27 -2.25 2.48 0.57 0.62
464 1.0 0.26 -1.61 -1.81 -0.6 0.35 2.94
465 2.63 -0.49 -2.11 1.48 -1.47 1.02 2.5
466 2.85 -0.01 -2.32 2.26 2.08 0.98 -1.7
467 -0.59 0.33 1.85 -1.53 2.97 -0.02 -1.14
468 2.77 -1.35 -2.23 -0.78 2.47 -0.86 -0.94
469 -2.02 0.98 1.9 -2.3 -2.66 -1.54 -1.95
470 2.87 0.15 -0.57 1.99 1.25 1.8 2.15
471 -2.95 -0.72 1.69 -1.34 -1.67 -1.81 2.98
472 1.96 0.48 1.69 -1.45 -1.28 0.16 0.98
473 0.58 -1.43 1.09 0.14 2.14 -0.07 -2.27
474 -0.2 1.79 2.18 -1.05 0.78 -0.15 -2.36
475 -1.99 0.37 -0.58 1.97 0.44 -1.06 2.68
476 -2.22 -0.31 1.69 -1.65 2.01 -0.08 -2.29
477 -0.21 1.28 2.25 -1.92 0.02 1.68 -1.08
478 -1.11 -0.37 2.47 2.12 -2.23 -0.65 -0.58
479 -0.19 1.12 2.88 -2.09 -0.68 1.79 -1.32
480 -3.04 0.81 -0.63 -0.38 -0.46 -0.49 1.44
481 -2.2 1.47 1.06 1.25 -1.68 0.54 2.01
482 2.76 -1.81 -1.07 -1.04 0.3 -0.51 2.38
483 2.23 -0.2 -0.66 -2.2 2.2 1.8 -2.47
484 -1.79 -1.67 1.56 1.55 -2.85 -0.62 -2.4
485 -2.95 -0.12 2.86 -2.36 1.99 -0.88 0.49
486 -0.3 0.55 -0.99 -0.1 1.71 1.23 -1.23
487 -2.56 -0.35 -2.69 -2.05 -1.5 1.43 -2.53
488 1.66 -0.85 2.32 0.31 -0.96 -1.87 -0.23
489 1.34 -1.31 -0.39 -0.95 0.13 1.74 1.04
490 -0.05 1.64 -1.25 -0.2 0.3 -1.13 1.57
491 0.24 0.65 1.46 2.24 1.49 -1.76 0.96
492 -1.78 -0.99 0.36 -0.73 1.22 -0.82 1.02
493 0.66 0.62 2.41 -1.44 0.9 -1.33 -0.29
494 2.05 -0.73 -1.03 2.1 1.71 -0.14 -1.78
495 -0.58 1.04 0.06 -1.6 2.23 0.91 0.57
496 -1.94 -0.91 -2.26 -1.07 -1.42 -1.38 1.45
497 0.95 0.55 0.9 -0.57 2.83 0.18 -0.02
498 1.68 1.67 -1.01 -1.76 -1.19 -0.81 -0.12
499 -0.18 0.76 -2.34 -0.37 2.24 -1.03 -1.9
500 1.82 -0.85 -1.1 -2.3 2.81 -0.11 1.98
501 2.23 -0.01 1.58 0.39 0.97 0.56 1.81
502 1.82 -0.52 1.43 -1.1 -0.09 -1.44 -2.29
503 -1.78 0.78 -2.13 -2.33 1.28 -1.53 -2.79
504 -3.03 1.39 2.73 -1.36 1.16 -0.18 2.97
505 3.04 0.88 0.27 -2.24 0.85 1.47 1.59
506 0.42 -0.58 1.23 1.15 0.53 1.89 -0.53
507 -1.67 -0.44 -0.15 -0.87 2.81 -0.67 -1.78
508 -2.34 -0.77 -1.96 -0.28 -1.62 -0.94 -2.78
509 -0.05 1.79 1.95 -0.94 1.62 -1.29 1.22
510 -0.16 0.25 2.26 -1.1 -1.82 1.06 0.61
511 2.66 -0.31 2.5 -1.54 -2.71 0.27 1.76
512 -2.65 0.35 -0.91 0.7 -1.7 -1.24 1.41
513 0.61 1.38 0.47 -1.12 0.4 -1.16 -2.59
514 2.31 1.65 -0.4 -0.68 -0.81 -0.08 -1.93
515 -2.14 0.87 2.19 -1.46 1.18 1.01 -2.31
516 0.5 -1.8 0.85 0.77 2.73 1.52 0.22
517 0.8 1.81 1.36 0.92 0.61 0.16 1.55
518 2.88 -0.87 -1.71 -2.03 -1.06 0.79 -1.15
519 -2.34 0.84 1.07 -1.93 2.23 1.83 -1.62
520 2.69 0.15 0.4 -0.26 -0.53 -1.33 0.59
521 3.12 -1.43 -2.1 1.52 -0.57 0.35 2.51
522 0.76 0.2 1.14 -1.6 -1.63 -0.23 1.4
523 2.48 -0.71 -2.25 1.22 -2.22 0.75 -0.73
524 1.93 -1.74 -0.97 0.27 0.13 -0.93 0.0
525 2.28 -0.03 2.46 -1.6 1.08 -0.97 -2.41
526 -0.19 -0.0 -1.77 -0.72 -2.28 -1.57 1.39
527 -1.51 -0.47 -0.91 -0.36 2.24 -0.33 1.78
528 0.58 0.96 -0.52 -0.45 0.53 0.38 -1.19
529 -0.68 1.51 -0.57 0.13 -0.5 0.41 -2.52
530 -0.76 0.1 1.27 1.42 3.02 -1.13 -1.36
531 0.59 -1.12 -1.2 -1.44 1.92 1.11 2.44
532 -0.29 0.57 0.11 -0.16 -2.98 1.85 0.79
533 1.8 1.25 2.2 -2.01 -1.87 -0.2 2.34
534 0.6 -1.37 -2.31 0.29 2.83 1.31 0.98
535 -2.14 -0.9 -2.29 1.55 -1.86 -0.84 0.45
536 -1.95 -0.26 -2.83 -1.01 2.36 -0.1 0.41
537 1.76 -1.19 -2.61 -0.1 -1.94 -1.29 0.17
538 -0.97 -0.66 2.2 2.26 -0.78 -1.18 1.04
539 -1.99 -0.94 1.32 -0.5 2.71 1.41 -0.42
540 1.62 -0.36 -2.65 0.99 -2.14 -1.38 -1.83
541 -1.69 1.79 0.81 -2.08 1.29 -0.22 2.78
542 -2.4 -0.85 0.78 -0.82 2.05 -0.63 -0.28
543 1.44 -1.79 -1.11 0.07 0.93 0.5 1.61
544 -2.1 -1.49 -2.68 1.47 -0.96 -0.74 1.96
545 0.54 -0.41 0.72 1.83 0.84 -0.85 -0.35
546 2.48 -1.12 -2.9 1.25 2.54 -0.29 -1.77
547 0.27 -1.66 -2.4 -0.66 2.86 -1.31 2.28
548 -2.07 -1.01 1.4 0.74 -2.69 -1.79 -2.25
549 0.87 -0.51 2.63 -0.8 -1.41 -1.37 1.07
550 1.34 -1.61 1.58 0.1 1.34 1.33 2.1
551 0.07 1.2 1.74 2.15 1.72 0.48 -0.74
552 -2.4 -1.35 -0.84 0.4 -1.09 -0.12 0.09
553 -0.9 -1.04 -0.31 0.22 -2.29 0.32 -1.08
554 -2.32 -0.78 1.87 -0.63 -2.07 0.52 2.79
555 -0.78 0.69 0.8 1.91 -0.72 0.69 0.92
556 -2.87 0.3 0.38 -1.66 -1.24 0.31 -0.02
557 -0.65 -1.01 1.33 -1.17 -2.3 0.97 2.49
558 0.06 0.21 2.71 -0.4 1.16 0.42 0.16
559 1.45 -1.73 0.97 -1.26 -1.27 0.06 -0.18
560 -1.1 1.43 0.58 0.99 -2.93 -0.95 0.85
561 -1.29 -0.37 -1.92 -0.78 1.85 0.46 0.26
562 2.08 0.75 1.5 -2.12 -0.15 -0.1 2.76
563 -2.32 -0.51 1.23 -1.53 -1.49 -0.33 -1.7
564 -2.84 0.86 2.88 0.53 1.03 -1.57 2.56
565 1.31 -0.97 -2.2 -2.13 1.14 0.97 -2.38
566 2.6 -0.98 1.92 -0.18 -3.02 -1.82 -1.85
567 1.06 -1.77 1.11 0.22 -1.48 1.58 0.13
568 0.46 -1.33 2.06 1.32 -1.63 1.27 -2.16
569 1.7 -1.44 -1.43 0.36 0.47 -0.53 -1.6
570 -0.15 0.64 2.79 0.62 0.35 -1.02 0.4
571 1.73 0.93 0.63 0.09 1.24 -0.3 2.15
572 2.57 -1.4 0.15 -1.5 -0.11 0.91 -0.84
573 1.07 0.06 -0.07 0.05 2.24 0.69 2.73
574 -2.0 -1.46 2.33 -1.11 0.94 -0.57 1.55
575 -0.31 0.81 0.92 0.73 0.38 -0.08 -2.57
576 3.13 -0.28 -0.59 0.89 2.86 -0.6 0.34
577 0.15 -1.79 1.82 0.82 0.49 0.72 -0.79
578 -2.11 0.19 0.09 0.45 -1.12 -1.58 1.52
579 -1.54 -1.05 -2.11 1.41 1.08 0.63 -0.68
580 -1.02 1.57 1.85 1.72 -0.93 0.98 1.59
581 -0.99 -0.27 1.19 1.63 -0.58 -0.45 -0.16
582 1.05 1.58 0.05 1.25 -1.37 -0.73 2.86
583 -1.9 1.23 -0.78 0.61 2.43 1.4 2.27
584 -0.81 -0.85 -1.39 -0.34 1.0 0.63 -0.7
585 -2.21 -0.39 1.04 0.14 0.73 -0.32 1.4
586 2.69 0.93 -1.05 0.54 -0.4 -0.4 0.02
587 -0.73 0.59 -1.01 -0.35 2.2 0.74 -0.96
588 -2.97 -0.07 1.75 -0.63 0.9 -0.71 3.06
589 -0.04 -0.75 -0.6 -0.89 -1.62 -1.58 -0.62
590 0.34 1.47 -0.76 0.34 1.3 -0.06 1.81
591 3.06 -1.19 0.96 -1.24 2.46 -1.3 2.9
592 -1.87 -1.0 1.83 -0.03 2.49 -0.02 3.09
593 3.0 0.77 -2.06 -1.63 0.64 -0.25 1.19
594 -0.44 0.73 -1.15 -2.04 1.82 0.28 1.24
595 -1.01 1.45 1.68 -1.42 -0.11 0.52 -0.42
596 0.06 -1.13 -0.08 -1.4 -2.96 1.65 1.64
597 0.0 -1.58 1.53 1.31 2.31 -0.45 -0.71
598 -1.47 0.47 0.94 -2.04 -0.09 -0.25 2.52
599 -1.22 -0.91 -2.14 -0.44 2.71 -1.79 2.39
600 1.51 -1.78 -0.31 0.39 1.81 0.0 1.89
601 1.18 -1.89 -0.5 -0.92 2.65 0.21 0.69
602 1.01 1.15 2.51 2.05 1.85 -0.56 0.4
603 -0.47 -1.56 0.04 -1.98 1.68 1.04 -0.45
604 1.38 0.08 2.26 -0.39 0.71 0.48 2.5
605 1.39 0.74 -1.6 2.36 1.59 0.47 1.54
606 -1.1 1.06 2.9 -0.05 2.99 -1.61 1.11
607 1.37 0.25 -2.13 -1.2 -0.67 -0.72 -2.13
608 1.32 -0.59 1.5 -0.84 -0.52 1.89 2.08
609 2.39 -0.43 1.44 -1.96 2.37 -1.86 2.19
610 -3.01 0.96 -0.89 -1.33 2.04 1.29 -0.38
611 -2.02 0.77 -0.44 1.19 0.05 1.78 0.18
612 3.02 -0.16 0.8 0.41 -0.03 0.21 -1.95
613 -2.53 1.7 -0.17 -0.49 -0.49 -1.59 2.05
614 -1.32 0.04 -2.89 -2.07 1.48 -1.06 1.91
615 -0.55 1.12 0.33 0.8 -0.71 -1.34 -0.97
616 3.07 -0.84 1.03 0.98 -2.41 -1.11 -2.88
617 2.19 -0.92 -1.77 -1.99 -2.7 0.11 -0.82
618 0.05 0.56 2.48 -0.7 -0.91 0.23 -1.71
619 -0.67 1.47 -0.02 2.35 -1.41 1.32 -2.45
620 0.06 -0.27 -1.45 1.1 -2.18 0.12 -2.67
621 -2.02 0.68 -0.23 1.53 -1.22 -0.07 -1.67
622 3.09 -0.03 1.55 -1.13 -0.06 1.17 -2.61
623 -2.63 1.6 2.41 0.31 2.28 0.9 -0.44
624 1.13 0.28 2.85 -1.98 2.31 -1.62 2.45
625 -0.28 0.74 0.3 -1.54 -0.33 -1.1 -1.53
626 -2.38 0.18 -0.59 -1.14 -1.7 -0.47 -2.73
627 2.85 -1.66 -0.07 1.48 -0.92 1.51 -1.56
628 1.23 -1.29 1.82 -1.95 2.97 -0.08 -2.71
629 -1.43 -0.16 -2.68 0.13 3.12 -0.02 -1.6
630 -1.2 -0.1 -2.8 2.0 2.94 -1.28 0.52
631 0.99 0.65 1.21 -1.48 1.2 1.43 1.35
632 -2.92 -0.48 0.55 0.66 0.01 0.47 -0.45
633 0.95 -1.31 -2.05 -0.92 0.94 0.8 0.09
634 2.95 1.28 0.45 -0.6 -1.62 1.46 3.03
635 0.54 -1.14 2.02 -1.31 -2.13 0.57 -2.98
636 -0.15 0.11 -1.12 -2.18 -0.19 -0.96 -2.94
637 -1.2 -1.22 0.63 -1.48 0.48 -0.58 3.05
638 -2.38 -0.65 0.09 1.34 -0.65 -1.3 -2.78
639 -0.45 0.11 2.61 -0.79 -0.82 0.79 2.98
640 -0.75 1.77 2.6 1.94 1.61 0.37 -0.92
641 -0.46 0.55 -1.38 0.19 0.5 -0.46 1.93
642 -1.05 -0.16 0.56 -1.29 2.3 0.71 2.69
643 -1.25 0.76 -2.67 1.49 -0.9 -0.55 -2.53
644 -0.7 1.41 -2.7 1.39 -0.85 -0.29 0.81
645 1.03 1.57 -1.02 -2.29 3.08 0.85 -2.75
646 1.53 -0.3 0.68 -0.64 -1.12 0.69 0.05
647 1.58 -1.2 -0.65 -2.1 -2.36 -1.22 2.08
648 -1.75 0.23 -2.69 1.94 -2.25 1.53 3.06
649 -0.12 -0.07 -1.79 -0.89 1.19 0.9 -0.65
650 -2.2 0.53 2.2 0.38 -0.26 -0.38 2.09
651 -1.53 -1.04 -1.7 0.03 -2.96 0.43 -0.41
652 -0.93 -0.13 -1.52 2.35 -2.08 -0.72 -2.04
653 -0.76 0.31 2.9 -0.15 -0.78 0.43 -1.72
654 -0.18 -1.87 2.32 0.93 1.35 0.93 -0.27
655 1.23 -0.89 1.31 1.04 1.06 0.27 0.8
656 0.47 -1.27 -1.57 1.32 -0.66 0.51 1.86
657 -0.47 1.7 2.22 -1.37 -2.2 -0.76 -2.92
658 2.94 -1.14 0.25 0.42 2.03 1.42 1.11
659 1.31 1.11 1.81 -0.56 -1.39 1.59 -2.79
660 2.69 -1.85 0.72 -0.65 2.33 -1.85 -1.12
661 -2.73 -0.88 2.44 -0.45 -1.43 -0.4 -1.82
662 1.02 0.49 1.6 1.69 -1.01 -0.81 -1.94
663 -1.09 0.52 -0.33 -1.55 -1.99 -1.42 0.84
664 3.02 0.64 -1.3 -0.87 0.88 1.55 0.08
665 2.88 -1.32 0.24 -0.13 1.18 0.04 -0.17
666 -2.71 -0.09 -0.83 1.4 0.81 0.87 -0.43
667 0.76 0.8 -0.19 2.23 0.6 -1.88 -0.06
668 2.75 -1.5 -1.27 -0.98 2.84 0.16 -0.84
669 2.13 0.45 -0.85 1.14 -1.28 0.1 1.81
670 -0.85 1.47 0.2 1.78 -1.07 0.67 -0.91
671 0.92 -1.08 0.59 -1.65 -3.04 0.56 -2.96
672 0.11 -0.87 2.15 -0.63 -0.07 -0.34 1.89
673 0.61 0.64 -0.68 2.15 -2.08 -1.56 2.72
674 -2.2 0.88 -2.32 -0.63 -2.24 1.62 2.35
675 -2.07 0.7 0.76 1.43 0.17 -0.77 -1.91
676 0.71 1.73 -2.32 1.04 -2.71 -1.49 -1.1
677 2.46 -0.32 1.4 -1.1 -0.6 0.77 1.24
678 -2.71 1.64 0.55 -0.11 1.38 1.61 0.66
679 -1.56 0.62 0.46 -2.11 1.39 -1.77 -2.59
680 1.54 -1.04 -0.19 -1.13 0.61 1.44 -0.88
681 -0.53 -1.46 0.13 -0.51 1.49 -1.17 1.82
682 -2.7 1.76 -0.15 -0.73 0.03 -0.78 -1.31
683 -1.6 0.67 -2.07 0.69 -2.75 1.58 0.2
684 2.8 -1.6 -2.38 1.02 -0.08 1.26 3.07
685 -0.2 0.58 -2.62 -0.35 -0.87 -1.52 2.04
686 3.07 -0.87 -0.4 -1.39 2.83 -1.2 -2.41
687 -0.37 0.16 -1.7 -1.87 -0.43 0.96 -0.4
688 -1.13 1.67 -0.71 0.55 -0.44 -0.36 -1.41
689 1.28 1.64 -0.39 1.96 1.05 1.17 0.84
690 -1.47 1.01 2.13 -1.87 -1.03 1.77 -2.7
691 2.9 -0.95 0.48 -0.72 2.52 0.73 0.84
692 -1.01 -1.41 -1.27 2.24 0.58 0.44 2.62
693 1.45 -1.47 -1.23 -2.03 2.9 0.31 -2.54
694 -1.45 0.57 -2.34 -1.27 2.72 0.44 2.13
695 1.89 1.01 0.26 1.97 2.64 -0.97 -0.82
696 -1.27 -0.1 -2.55 0.12 -1.28 -0.33 0.64
697 -2.96 -1.64 2.42 1.12 2.38 -1.72 -2.94
698 -1.19 0.58 2.58 1.95 -2.16 0.63 1.26
699 -1.62 0.2 2.31 -0.21 2.07 0.25 -0.68
700 -0.41 1.6 1.37 -0.18 0.72 -0.62 -0.49
701 0.38 1.2 1.68 2.26 -0.25 0.92 0.56
702 0.17 0.07 -2.37 0.36 3.08 0.95 0.59
703 2.64 0.8 -2.56 -1.63 -1.47 0.82 -2.26
704 -0.03 0.36 0.37 1.36 -2.06 -1.85 1.56
705 2.78 -1.62 -1.05 -0.93 1.92 -0.96 -1.3
706 -0.28 0.22 -1.83 1.54 2.76 -1.02 1.11
707 -1.44 0.2 2.71 -1.99 1.06 0.69 -3.12
708 1.58 -0.51 1.78 1.46 0.58 1.41 -0.64
709 -0.54 -0.78 0.83 0.5 2.6 1.29 1.45
710 2.2 1.13 0.08 -0.49 0.08 1.21 2.62
711 0.88 -0.42 -1.73 0.76 -2.46 -0.75 2.71
712 0.61 0.04 1.62 1.78 -0.77 -0.53 -1.87
713 -2.51 0.32 -2.49 -1.65 -1.25 -1.85 -0.12
714 0.87 -0.09 -1.44 -1.22 -1.01 -0.69 -2.84
715 -2.44 0.46 -2.77 2.24 0.79 1.55 -2.95
716 0.77 -1.42 2.72 -1.96 1.69 1.5 -2.02
717 -2.24 1.4 -0.08 1.14 -2.76 1.18 -0.84
718 0.05 -1.08 -0.43 -1.74 -1.72 0.58 3.09
719 0.42 0.16 -0.53 2.2 0.51 -1.24 1.15
720 -2.6 1.6 1.91 0.7 -2.87 1.64 -2.78
721 1.04 0.34 0.08 0.12 -1.89 1.33 -2.82
722 2.41 0.79 -2.1 -1.36 1.16 -0.32 -2.14
723 1.2 0.8 -1.09 -1.58 -2.25 0.23 -2.27
724 2.21 -1.56 0.95 0.09 -2.02 1.72 3.0
725 -2.66 1.08 -2.23 -0.29 3.07 0.68 -0.03
726 -0.56 -0.71 -2.12 1.53 -1.91 1.57 0.6
727 1.84 0.24 0.18 0.59 1.3 -1.1 -0.71
728 0.33 0.09 -2.88 -2.11 -1.31 0.44 2.73
729 1.67 -0.53 -1.96 2.13 -2.91 -1.08 2.5
730 3.13 0.84 -1.24 1.46 -0.76 0.86 -1.33
731 0.16 -0.54 -0.61 1.08 -0.78 0.14 -0.35
732 0.17 -1.82 2.5 1.41 0.04 0.27 -0.5
733 2.42 0.87 2.06 0.28 -1.58 -0.73 -1.2
734 -1.14 0.75 0.53 -1.86 -2.17 -0.22 -0.64
735 1.01 1.48 -0.92 1.4 -1.46 -1.16 -0.67
736 0.34 1.16 1.13 1.68 -1.29 0.27 -1.06
737 2.69 0.15 0.68 1.55 -0.23 -1.28 -2.27
738 -0.67 -0.43 -1.13 -2.25 0.44 -0.78 2.82
739 0.4 0.95 0.12 -0.99 -0.9 0.45 2.2
740 -0.45 1.72 -2.28 0.42 2.59 1.2 2.97
741 1.92 0.91 1.14 1.03 3.1 0.13 -0.71
742 -0.49 0.24 -0.93 -1.78 -2.92 -0.0 0.82
743 1.2 -1.74 -0.78 -0.21 3.08 -1.85 -2.95
744 -0.51 -1.19 0.31 -1.85 2.51 0.99 -0.68
745 1.64 -1.26 1.25 1.06 -1.51 -1.67 1.94
746 1.83 -1.07 -0.35 0.19 -0.65 1.09 -1.77
747 0.11 -0.19 -2.57 -0.44 0.65 -1.77 -1.75
748 1.41 0.27 0.54 1.8 -0.05 -0.65 -1.29
749 1.39 1.46 0.53 1.42 0.51 -0.9 0.78
750 -0.81 -0.75 1.75 0.89 -2.65 -1.18 1.44
751 -2.27 1.63 -0.99 -0.1 -0.57 0.22 -0.85
752 -0.48 -0.44 0.92 -1.63 1.99 -1.03 0.9
753 0.02 -0.69 -2.15 1.16 -2.29 -1.01 -2.83
754 -2.74 0.65 1.92 -2.08 1.87 0.39 2.25
755 -2.55 0.63 2.92 -0.67 1.66 -0.48 2.24
756 -0.86 -1.41 0.31 -0.99 1.55 1.52 2.63
757 -1.35 -1.06 2.83 -0.38 -0.45 1.07 -1.06
758 0.64 -0.91 -0.87 -0.22 -2.06 -1.66 -2.23
759 -2.79 0.72 0.28 2.14 -1.78 -1.77 -0.19
760 -1.27 1.22 2.43 1.29 -2.74 -1.52 -0.52
761 1.88 -0.77 -1.69 1.18 -0.26 -1.03 0.45
762 0.01 0.53 -1.01 -1.42 -1.81 -1.2 0.95
763 0.31 1.8 -2.58 -0.79 2.62 -1.08 0.4
764 -1.14 1.32 -1.73 2.08 3.12 1.69 -1.37
765 -2.82 -1.85 -2.12 -0.21 -1.37 -1.6 -1.11
766 -1.66 0.63 -1.09 -1.75 1.83 0.78 2.15
767 2.08 -0.08 0.28 -1.69 -0.99 -0.37 1.91
768 -2.79 1.32 -0.92 -1.74 -1.63 0.28 -2.58
769 0.12 -1.37 -2.2 -1.57 1.69 -0.92 -1.96
770 -2.57 1.88 -1.69 -1.58 -2.01 -0.84 0.62
771 -2.05 0.08 2.7 2.34 -2.22 -1.33 -2.62
772 2.47 -0.87 -0.4 1.07 0.28 0.18 0.7
773 0.23 -1.28 -0.33 -0.4 3.08 -0.92 0.1
774 1.08 0.14 -0.89 -2.06 2.43 -0.08 -2.16
775 1.72 -0.4 -0.57 1.51 1.49 -0.48 -1.97
776 2.06 0.88 -0.03 -0.08 -2.99 1.36 0.1
777 1.66 1.37 -2.29 -0.22 -1.62 0.6 -1.36
778 1.79 -1.76 -2.17 2.06 0.18 -1.65 -2.05
779 -2.85 -1.46 0.96 0.6 -1.6 -1.83 -2.21
780 -1.84 1.8 2.34 2.01 -3.09 -0.51 -3.11
781 -3.1 -0.44 2.67 2.09 -1.91 1.78 -1.43
782 2.67 -0.42 1.53 -0.22 1.0 0.07 0.31
783 -0.78 -0.69 -0.6 -0.76 1.38 1.66 -2.93
784 -1.22 0.54 2.66 2.12 1.26 1.38 -0.97
785 -0.86 1.79 -2.28 0.09 0.06 -1.48 -2.18
786 -1.63 -0.73 -1.82 2.34 2.99 1.6 -1.7
787 -3.05 -1.57 1.97 1.65 0.5 -0.81 -1.73
788 2.75 1.01 -1.14 0.65 -0.6 -0.71 0.51
789 1.38 -1.01 -2.53 1.34 2.7 -0.13 -2.02
790 2.68 -1.65 2.13 0.69 -0.93 -0.6 1.31
791 0.54 -1.09 2.91 1.5 1.3 -1.17 2.89
792 -2.41 -1.12 2.44 -1.05 0.44 -0.24 -2.18
793 0.59 -0.06 -1.77 -1.31 2.67 1.16 1.95
794 -0.78 1.06 2.54 -0.94 -2.69 -0.8 -1.66
795 -0.15 -0.67 2.27 1.87 -2.68 -0.58 -0.85
796 2.36 1.44 2.44 0.46 -1.84 1.84 0.6
797 -1.69 -0.49 0.5 -0.98 -1.5 -1.81 -0.43
798 -2.5 0.89 -1.39 -1.36 -1.65 -0.2 0.29
799 0.64 -0.79 -0.44 1.86 -0.59 1.38 -2.65
800 0.78 1.79 1.53 1.95 2.46 -0.59 1.69
801 1.12 0.95 -1.81 2.31 1.96 0.18 -2.95
802 -2.38 0.42 -2.14 0.99 0.38 -0.45 -0.23
803 2.21 -1.55 1.78 0.08 -2.74 0.33 -0.38
804 -2.14 -0.66 -2.05 2.35 -0.92 -1.82 -0.47
805 -2.06 -0.36 0.99 -1.8 2.67 1.29 1.65
806 1.77 0.41 -0.51 0.1 0.79 -1.85 -2.59
807 -0.23 0.46 0.09 -1.41 -2.22 -0.6 0.12
808 -1.74 -1.49 0.56 -1.73 2.93 0.57 1.47
809 0.67 -1.45 1.44 1.04 0.82 0.12 2.23
810 0.31 1.1 -0.67 2.17 1.25 0.66 -2.98
811 2.74 0.54 0.34 -0.84 0.36 0.19 -1.39
812 -0.4 -0.86 1.5 1.32 2.91 -1.08 0.31
813 2.96 1.76 0.68 -2.02 0.08 -0.52 2.46
814 -1.67 -0.03 1.96 -1.41 1.79 -1.51 2.55
815 3.03 -0.12 -1.4 0.05 -1.71 1.59 -0.9
816 -1.99 0.11 1.57 -2.31 -1.86 -1.31 2.03
817 -1.66 0.47 2.71 1.8 1.59 0.66 -1.31
818 -0.45 -0.36 -2.74 -1.08 1.38 1.78 1.68
819 -1.44 0.62 -1.69 -0.29 1.06 1.78 1.71
820 1.88 1.18 -0.09 0.08 -1.04 -0.12 2.04
821 -2.8 1.63 -2.55 1.81 -2.01 1.29 2.23
822 0.54 -1.03 -2.22 1.62 -0.71 1.04 2.29
823 0.4 1.88 0.25 -0.53 -2.24 -0.35 -1.62
824 0.75 0.62 -2.07 -1.11 2.53 -0.96 1.48
825 -2.4 -0.74 -0.44 -0.45 -1.32 -0.32 0.13
826 3.07 -0.02 -2.76 -1.51 -2.41 1.56 2.8
827 -1.47 -0.73 0.62 -1.61 1.96 0.86 0.8
828 -1.46 -0.75 0.95 -0.14 -2.33 -1.6 1.33
829 2.31 -1.85 0.81 -1.45 -3.03 0.25 -1.36
830 -0.97 -1.68 1.72 -2.33 2.02 -1.13 1.32
831 -2.14 0.14 -1.19 0.98 -3.05 -0.82 -2.73
832 -2.95 0.78 -1.0 2.07 -1.9 -1.21 0.5
833 3.05 -0.03 1.83 -1.75 -0.22 1.35 -0.74
834 -2.37 -0.79 -0.18 1.42 -1.38 -0.46 1.04
835 2.68 -0.94 -2.02 1.41 0.17 -1.26 0.44
836 -1.89 1.32 2.58 -2.22 -2.37 0.2 -2.42
837 0.3 -1.13 -2.3 -1.14 1.41 -0.12 -0.57
838 -0.84 -1.25 -2.38 0.88 -0.45 1.87 0.22
839 -0.58 -1.35 0.33 -1.72 -1.79 0.95 -1.04
840 2.96 -1.53 1.95 0.99 2.67 -1.41 1.96
841 -1.12 -0.34 2.34 1.0 -2.47 0.38 1.14
842 -2.93 1.12 -1.3 1.56 -1.86 1.19 -1.19
843 -2.13 -0.11 -2.11 -0.77 -1.91 -0.53 -1.5
844 2.51 -1.56 1.69 1.48 -2.47 1.23 -0.74
845 -0.56 0.31 2.75 0.24 1.24 1.61 -1.65
846 -2.74 0.76 -2.0 -1.7 -2.57 0.91 0.99
847 0.69 1.39 -2.35 1.09 2.33 1.84 1.45
848 2.68 1.86 -2.5 -0.57 -2.0 0.69 -2.92
849 2.24 -0.7 -0.1 0.98 -3.12 0.89 0.54
850 -2.46 -1.0 -1.04 0.72 0.42 1.27 -2.12
851 -0.8 -0.32 1.8 0.22 -1.24 -1.4 1.28
852 3.11 0.71 1.39 -0.17 -0.41 -0.74 -2.74
853 0.45 -0.63 -2.0 1.34 -1.34 1.75 -0.88
854 -2.69 -0.53 -1.64 -1.97 -2.44 1.6 -2.08
855 2.22 0.47 -2.61 1.97 0.89 0.51 2.25
856 1.63 1.25 -2.53 -1.81 1.75 -0.88 -3.08
857 1.45 0.29 2.11 -0.02 -2.79 -0.27 -2.94
858 -0.92 -0.11 -1.43 -1.97 2.31 1.13 -1.4
859 -1.59 0.08 1.18 -0.78 0.17 -0.4 -1.49
860 -1.62 1.39 -2.18 2.21 -3.09 0.72 -1.46
861 -1.57 0.37 2.23 -1.4 -1.41 1.34 -2.97
862 -1.65 0.49 0.64 -0.92 -2.88 -0.72 1.82
863 2.37 -0.83 2.4 -0.91 0.25 0.99 1.41
864 3.07 1.81 -2.93 0.26 -1.21 0.89 2.61
865 0.49 -0.48 1.35 0.09 1.45 -1.28 2.84
866 -1.06 0.15 0.84 0.07 1.59 -1.56 -2.71
867 1.66 -1.08 0.84 -1.39 2.76 0.01 -3.08
868 -2.41 -1.01 1.64 -0.27 1.32 -0.45 1.48
869 -0.33 1.51 2.36 -0.55 3.04 0.41 1.89
870 2.34 1.57 0.24 0.78 -0.81 0.1 0.51
871 -1.14 0.65 -1.09 -0.47 2.79 0.9 0.17
872 -1.88 0.76 -2.6 -0.32 -2.33 1.38 -2.16
873 1.12 0.37 -2.48 1.49 2.68 -1.3 -0.68
874 -0.19 -1.07 -2.69 -0.35 -2.81 0.08 -1.28
875 1.18 1.2 -0.96 -1.11 -1.1 0.63 -0.56
876 -2.98 -0.58 -1.96 1.11 -1.68 0.34 -2.25
877 -2.68 -1.0 0.39 0.61 -2.85 -1.49 1.43
878 -0.58 -0.23 -0.02 0.87 -0.38 -0.38 -2.68
879 0.86 0.37 -1.9 -0.34 1.27 1.7 0.57
880 0.13 1.71 -1.14 -0.12 -3.02 1.14 -2.8
881 -0.78 1.4 -2.94 1.72 -1.35 -0.22 -0.83
882 -0.93 1.82 -0.87 -2.03 -1.5 0.47 -1.2
883 -2.4 -0.45 1.59 -1.05 -1.37 -0.38 1.82
884 -2.32 -0.94 0.4 -1.41 -1.92 -0.04 1.61
885 -2.3 -0.46 1.14 0.59 -0.85 1.71 1.04
886 -0.52 0.51 2.53 -0.05 1.12 -1.24 1.76
887 0.52 1.54 -2.38 -2.01 -0.49 -1.89 -2.12
888 1.77 -0.64 1.82 -0.72 -2.7 1.26 -0.98
889 0.84 -0.69 0.37 -2.25 -0.88 -1.6 -2.88
890 2.16 -1.89 -0.9 0.06 -1.54 -0.76 -2.82
891 -0.81 -1.43 1.97 0.66 2.44 0.85 -0.91
892 0.46 -0.57 -1.49 1.49 -2.62 -0.79 2.13
893 1.84 -0.76 -2.22 -1.82 0.83 -1.17 2.25
894 -0.28 -1.47 -0.08 -0.16 -2.1 0.25 -0.0
895 -1.43 -0.58 -1.42 -0.43 -2.88 -0.85 0.49
896 0.69 -1.16 -1.29 -1.13 1.24 -1.12 1.61
897 1.51 -1.52 1.1 -0.03 2.52 -1.56 1.89
898 -1.52 -0.02 -1.49 1.22 2.0 0.66 1.0
899 -2.83 -1.4 -0.67 -1.55 -1.25 -1.52 -1.07
900 -0.02 -0.44 -1.29 -0.91 -1.21 1.36 0.23
901 -2.38 -1.31 -1.74 0.5 -0.86 0.5 0.02
902 -2.92 -1.75 2.52 -2.02 -2.22 1.25 2.29
903 -1.84 -0.14 -0.5 1.29 0.03 -0.37 0.35
904 -3.0 -0.64 2.72 2.22 -2.39 -0.9 -1.05
905 -0.19 -1.87 -1.93 2.34 -0.54 -1.05 -1.26
906 0.72 0.25 1.63 1.44 -3.05 -0.94 -1.95
907 0.47 1.35 -0.89 -0.05 2.74 1.49 -2.32
908 0.23 -0.9 -1.7 1.95 -0.08 -0.47 2.04
909 -2.41 -0.04 1.12 1.63 1.93 -0.66 2.59
910 2.11 0.23 -2.29 -1.71 -0.67 1.77 -1.63
911 -1.44 1.24 0.14 -1.69 2.37 -1.55 0.36
912 -1.03 0.98 2.6 -2.26 2.6 0.55 -2.57
913 1.14 1.04 0.86 0.38 2.63 -1.07 -2.98
914 1.07 -0.56 0.46 0.69 -1.25 -0.13 3.11
915 -2.4 -0.94 0.64 -1.65 -2.26 0.1 2.13
916 -1.9 0.58 0.75 -2.0 1.6 -1.82 -1.92
917 0.26 0.76 -0.96 1.67 -0.54 -0.02 -0.74
918 1.44 -0.36 0.22 -0.56 0.26 -1.28 -2.23
919 0.32 1.65 -1.68 -1.45 -3.0 -1.83 -1.5
920 -1.59 -1.65 0.77 -1.83 -1.26 1.43 -2.65
921 2.95 -0.66 2.53 -0.06 1.47 -0.54 -1.9
922 -0.62 1.34 -1.05 1.08 -2.16 -1.87 -2.55
923 -0.28 0.58 -2.38 1.32 -0.37 0.14 -2.07
924 1.39 0.65 1.45 2.13 0.39 -0.75 2.31
925 0.61 0.24 -0.57 0.88 1.56 -1.29 -0.61
926 1.88 -1.41 -1.95 0.96 1.56 -1.44 1.62
927 -1.45 0.09 -1.5 -0.87 1.83 -1.5 0.28
928 -0.27 -1.15 2.34 1.09 -2.66 -1.32 -0.72
929 1.68 1.11 2.85 -0.19 -0.78 -0.51 0.84
930 0.98 -1.5 1.23 0.96 1.9 -1.7 -2.71
931 0.36 0.37 0.98 -0.21 -0.08 -0.68 2.63
932 0.39 0.1 -1.86 0.25 -0.78 -0.38 -3.1
933 2.02 1.58 1.69 2.01 -2.9 -1.41 1.55
934 -2.21 -0.22 2.02 -0.24 0.14 1.14 -2.25
935 0.89 -1.85 0.87 -1.86 -3.06 -1.1 0.92
936 1.38 -1.02 -2.23 -0.51 -2.3 1.71 0.54
937 -0.69 1.56 -1.01 1.15 -1.51 0.39 -2.42
938 2.3 -0.97 0.61 -0.51 2.3 -0.14 1.11
939 0.72 -1.58 1.52 0.6 -1.08 -0.93 0.84
940 -3.11 1.14 -1.77 -2.0 -2.58 1.24 -1.27
941 0.17 0.23 1.48 1.74 1.67 -0.76 -2.28
942 -0.56 1.74 -2.02 -0.61 2.47 -0.32 2.93
943 2.99 1.18 -2.61 0.18 -0.92 -0.39 3.1
944 0.31 -1.73 -1.07 -1.01 -2.53 0.96 0.91
945 -0.14 1.34 -1.45 0.33 -0.98 -0.11 3.08
946 -0.34 1.2 0.69 1.43 -2.06 1.7 -0.59
947 -0.62 -1.75 -1.59 0.47 -0.48 0.44 -1.23
948 -0.47 0.59 -0.7 0.76 -2.11 0.57 1.76
949 1.69 -1.09 -2.86 -1.81 1.11 -1.25 1.66
950 0.98 -1.27 1.3 -1.58 -1.3 0.74 2.26
951 0.59 -1.22 2.36 -1.4 1.6 -0.05 1.22
952 2.56 -1.75 -2.75 -1.73 -0.34 1.08 2.02
953 -2.0 -0.16 -2.91 -0.57 0.49 -1.24 -1.92
954 -2.72 0.03 0.83 -0.7 2.99 1.72 -0.45
955 -0.72 0.96 0.25 0.49 -2.3 -1.05 -0.87
956 1.53 -1.83 -2.21 -0.73 -1.31 0.76 0.82
957 -1.36 1.21 -1.92 1.38 -1.78 -1.73 -0.41
958 1.45 1.09 2.9 -2.15 0.02 -0.01 -1.07
959 2.34 -0.89 1.15 0.21 -0.09 -1.49 0.92
960 -2.97 0.51 -2.04 -1.49 1.86 1.62 2.51
961 -0.99 0.9 2.26 1.1 0.96 -1.48 2.37
962 0.24 -1.14 -0.3 -1.39 0.22 -0.97 0.62
963 3.03 -1.75 -1.44 0.53 -0.81 -1.62 -0.27
964 -2.29 1.83 -2.6 -1.01 2.21 -0.52 -0.37
965 2.46 -0.3 -2.07 -0.95 -1.12 -0.95 2.72
966 -0.73 -0.38 0.77 -2.32 -3.07 -1.14 -2.28
967 2.42 -1.57 -2.77 0.57 0.17 -1.54 -1.5
968 0.01 -1.23 -1.52 0.78 -2.26 1.07 2.39
969 0.81 -0.82 1.07 0.28 2.05 -1.5 2.02
970 -0.11 1.28 1.46 -1.01 -2.58 -1.0 2.34
971 2.72 1.78 -0.79 2.06 -2.35 0.31 2.62
972 1.44 1.49 -1.82 0.03 -2.07 1.42 0.64
973 0.54 0.69 -1.62 -0.66 -1.86 -0.48 0.08
974 2.09 -0.16 -1.94 -2.13 -1.54 -0.63 -1.71
975 2.56 -1.75 -2.68 -0.16 2.8 0.85 -1.14
976 0.93 -1.74 -1.87 2.15 1.66 -0.75 1.36
977 2.17 1.55 0.02 0.7 -3.01 -1.9 0.35
978 -2.45 1.52 -2.04 1.74 2.79 -1.57 -0.23
979 -2.66 -1.45 2.02 -1.22 0.2 1.71 -1.64
980 -1.09 1.62 -0.88 2.21 0.5 -0.57 -1.47
981 1.34 -1.48 -0.33 -1.11 -1.72 -0.57 -1.18
982 -0.75 1.46 -1.92 -0.32 -2.45 1.62 -0.7
983 -0.45 -1.05 -1.41 0.92 -1.99 -0.92 0.65
984 -2.45 -0.78 1.94 -0.47 1.65 -0.97 -2.18
985 -1.68 -1.55 -1.27 2.22 -1.07 -0.93 0.38
986 2.86 1.15 2.27 -0.02 0.89 1.54 -1.42
987 -1.03 -0.66 0.24 -1.78 -0.41 0.43 2.58
988 -0.3 -1.67 0.27 -1.65 -1.76 -1.0 -0.9
989 2.32 1.1 1.49 -0.04 0.21 1.27 -2.74
990 -2.13 1.18 0.45 2.31 1.23 -0.27 1.57
991 -2.71 -1.11 -2.09 1.1 2.27 -1.8 2.93
992 -1.96 1.07 -1.33 2.22 -0.61 -1.51 -1.99
993 2.84 -0.69 -0.12 1.76 0.24 0.66 2.15
994 -2.22 -1.74 1.01 -1.51 -1.2 1.12 1.84
995 3.12 1.04 -0.19 -2.1 2.31 -0.51 -2.43
996 -1.7 -0.66 1.8 -2.22 0.85 1.12 0.62
997 0.32 -0.37 2.07 0.12 -3.09 -1.44 -0.85
998 0.82 0.58 1.72 1.74 -1.9 0.03 1.33
999 2.64 0.73 2.28 -2.25 -1.34 0.2 2.19
