0 -0.462176061348 0.0952115337596 1.54171800091
1 0.309367196916 -1.16530083705 0.955436691882
2 -0.105797896896 -0.755925068999 0.766333818224
3 -0.864418188198 -0.120625082543 1.27839795425
4 1.24437544767 -0.0806429578575 1.22374995665
5 0.923081584866 -0.184252948092 0.921626469012
6 0.024561077506 -1.05666065607 1.48641061637
7 0.726279698823 -0.280179750425 1.44038971307
8 0.962728714623 -0.412878292527 1.05990489675
9 0.439462487031 -0.290815857593 1.430972717
10 0.0501764272696 -0.516156877847 0.314161994471
11 0.96385922657 -0.66450632956 1.29552747164
12 -0.116089524441 -0.23672907595 0.541229887322
13 -0.463244734367 -0.759122477876 1.0850988623
14 0.850163174727 -0.221766295278 1.40061566771
15 -0.223638454598 -0.765848564313 1.84945720648
16 -0.353760619867 -0.757683593763 1.62569018418
17 0.495557497013 0.172470775156 1.04216357742
18 -0.314559071673 0.307729340084 1.77377462451
19 0.86662993176 -0.900839388595 0.790318829327
20 0.184945690569 -0.253459268589 0.568759397746
21 0.292747382496 -0.454646258606 0.665031416584
22 0.408035496879 -0.372516923636 1.79931672145
23 0.457134572928 -0.753587637467 0.441447025518
24 0.580395799336 -0.630543676962 1.27217257538
25 0.738596777207 -0.783314047066 0.537065352416
26 0.696633152425 -0.215712450271 1.71827073402
27 0.574445503932 0.212245017037 1.40865685065
28 0.592456525448 -0.642867399764 1.63106597699
29 0.421099954272 -0.70118539214 1.41734016771
30 0.741090525302 0.109227332197 1.51668507255
31 -0.608418999276 -0.481591114329 1.61358632794
32 0.302354935014 -0.104930861838 0.564945314331
33 -0.0459472905066 -0.774178522121 1.66592080467
34 -0.650321384379 -0.476065549087 0.605164816325
35 0.846343703073 -0.684677688871 1.00125618027
36 -0.523087779571 -0.951872233008 1.02726913201
37 0.704296819309 -0.0584507862639 1.21829053849
38 0.411145929936 -0.647392904034 1.49617468893
39 -0.2339127604 -0.791051930633 1.12493599485
40 0.770867699777 -0.366676787083 0.828096068386
41 -0.374667817925 -0.944985000494 1.24486334638
42 0.495422685966 -0.750674338113 1.68351079391
43 -0.341317126728 -0.146321356926 0.630743702683
44 0.523780844649 -0.878266343157 1.79718216475
45 0.335198477902 -1.10897069021 1.6136633952
46 0.890078657957 -0.623219185811 1.92081321034
47 -0.574826784908 -0.528973320998 1.39426137959
48 0.626308014976 0.0985519926655 1.02783069876
49 0.549884509897 -0.971568740605 0.661828790746
50 -0.202518352772 -0.792204421626 1.76408596038
51 0.0126342889381 -0.842316342074 1.43854585178
52 -0.235273851397 -0.999525455863 1.31662114791
53 -0.0597572166515 -0.34282340588 1.79072354492
54 0.0424656799494 0.112174783751 1.57132698162
55 0.637574800634 -0.103877800302 1.02243719157
56 -0.171431800218 -0.369089289324 0.298250192416
57 0.879453082945 -0.305045283485 1.71850658216
58 0.129430099362 -0.836632715472 0.356193026513
59 -0.0275433286241 -1.03466171253 0.86728279745
60 0.717484762334 -0.694274237249 1.43173134148
61 -0.129146918214 -0.896927188003 1.03627119785
62 0.150065713545 0.00238507638578 1.85887361011
63 0.529503327606 -0.134466797479 0.714566952587
64 -0.175649786294 -1.02847380507 0.850531688458
65 -0.415841530062 -0.878598610971 1.50511239212
66 0.722249900587 -0.512441552289 1.04026928793
67 -0.193055555469 -0.276463338791 0.367534156711
68 -0.270011163012 -0.219018392977 1.84337730634
69 0.0226101950595 -0.198280338956 2.25649671941
70 -0.487614811851 -0.173622449534 1.44111519052
71 -0.461026167086 -0.733484440881 1.65512372827
72 -0.261829001214 -0.553199624524 2.0510096973
73 0.577266185549 -0.938114389035 0.974486839183
74 0.396805861161 -0.984486183323 0.77267679631
75 -0.0145798776251 -0.00880086472813 1.936353103
76 0.860612887121 -0.420272840742 1.03230872962
77 0.741888552828 -0.460041476896 0.942660408131
78 -0.218967156967 -1.1726199073 1.41268985548
79 -0.441151211304 -0.384150823944 1.75105773226
80 -0.0761326061542 -1.17177882631 1.29090333201
81 -0.448870746665 -0.333802255363 0.843442319961
82 -0.408284205674 -0.607696053669 1.33121003973
83 -0.465927016501 -0.3832623426 1.99622127667
84 0.0956856563293 -0.452822522876 0.80468043525
85 -0.173337144717 -1.00062598041 1.67509623561
86 -0.0715190669131 -0.631586952555 0.672417040044
87 -0.409859590394 -0.515882452303 1.98785591247
88 0.408272877073 -0.982299117467 1.25663246759
89 0.279643843582 -1.03784601918 0.983810092487
90 0.417886098737 -0.454436071609 0.207852413875
91 -0.486250831018 -0.482976041574 1.66841228663
92 0.492694173803 -0.6102494756 0.645972669057
93 -0.199768810662 -0.667104921093 1.22368091873
94 -0.0226192156744 -1.08059205377 1.4532844941
95 0.155629652962 -0.916810835939 1.82002903567
96 0.547306551817 -0.930760601179 0.456178702084
97 -0.22540556469 -0.0732403955576 1.51616483601
98 0.452592137442 -0.942304577029 1.22173660969
99 -0.312738481685 -0.929360257309 1.26255399542
100 -0.278663745352 -0.615692807712 0.409301599354
101 -0.00235916922838 -0.514102910864 0.767883671252
102 0.503639177708 -0.803860008598 0.838133479917
103 0.817151317305 -0.928801151981 0.684567676145
104 0.598708601789 -0.839838451166 1.06228419724
105 -0.371949348927 -0.493252773816 1.27183905943
106 -0.535001559262 -0.421027729657 1.3195197625
107 -0.223277134808 -0.477381741895 1.42204811329
108 0.40842431377 -1.13739675618 1.59459318253
109 0.768452964138 -0.727197359935 1.16332603902
110 -0.169453804557 -0.264829295121 0.661363879448
111 0.261111836183 -0.884673566753 1.02888882659
112 -0.777671866666 -0.505325017313 1.36148623268
113 0.558698222067 -1.00681538565 0.687875391519
114 0.685847986776 0.12572945565 1.7092666402
115 0.489821182823 -0.542347256506 1.76919562407
116 -0.292826352963 -0.131663602509 1.80668684626
117 1.00907287926 0.134626637063 0.849292819695
118 0.026088961893 -1.25960306668 1.09695016635
119 0.67014151393 -0.798257504706 1.3438497201
120 0.81255149837 -0.849242632123 1.31809421533
121 -0.164387425953 0.116353947109 1.47956283803
122 -0.41253652581 0.168288119243 1.40573054313
123 0.641898192314 -0.900725053328 0.603506929062
124 0.404380943073 -0.37338154765 1.6956068679
125 0.662172102956 -0.103804238131 1.53740955107
126 0.444199904776 -1.17156780443 1.64458666474
127 -0.126747360321 -0.291454563127 0.612439756175
128 0.633355315343 -0.135524735453 1.06607364592
129 1.20368706351 -0.188463822152 0.901137476433
130 -0.0199738287896 -0.477077353569 1.83217980995
131 0.684318593588 -0.178841248908 0.825546768215
132 -0.232587391054 -0.31449911381 1.37674443351
133 0.231606494329 -1.05809040441 1.07070286388
134 0.222024948689 -0.893332782034 1.47082553886
135 0.42697926187 0.0416705469197 0.737366993909
136 0.0335258783402 -0.801629032506 1.67524255707
137 0.814082085598 -0.84849301897 1.20058289492
138 0.293215175644 -0.407823608813 0.649220950032
139 0.448919561991 0.474412937152 1.66837884271
140 0.32080083847 -0.529419918598 1.94115799597
141 -0.216531396607 -0.44654234093 1.83599479188
142 0.75038992565 -0.378969446911 1.76150996741
143 1.0664762704 -0.717786442687 1.56969869665
144 1.00184466022 -0.229420047912 1.2422732203
145 -0.657077816927 -0.0788275354493 1.21936748984
146 -0.106651448457 -1.03600386084 1.36173084286
147 -0.347675563465 -0.456670063483 1.74256908339
148 -0.208531391185 -0.287525918016 0.331193761326
149 0.567547969037 -0.637107326157 1.28907345976
150 0.934148460714 -0.771048491001 1.54582777954
151 0.971327993552 -0.51083828237 1.53555480984
152 0.00677347238084 -0.890463494517 1.27593215891
153 0.614959486469 -0.922752038329 0.91972137513
154 0.515358262264 -1.1222623003 1.14579820364
155 0.476594426233 -0.954364004881 1.9367691459
156 -0.141642537183 -0.240160744478 0.686191544939
157 0.317401752055 -0.868346294554 0.802259342142
158 0.13622086573 -0.980889658982 0.640316000513
159 0.353100681029 -0.232336871835 0.389631240264
160 0.683697364874 0.0302489665114 0.939611783211
161 -0.482961474252 -0.956428768969 1.17475637528
162 -0.302782662818 -0.657505650837 1.41458825442
163 -0.0346390965975 -0.941047566586 0.687336651448
164 0.410698188099 -0.65115162461 1.48009575915
165 -0.0489734714574 -0.570888037103 0.9666975892
166 0.560584478096 -1.21001551325 1.36168785391
167 -0.347658832709 -0.0976568264621 2.02942338792
168 0.407281504731 -0.0649533576365 1.4755458404
169 0.576364720002 -0.929441574335 1.53272057857
170 0.766346619484 -0.525881767302 1.2494619717
171 0.589574969593 -0.276813469551 1.60822631412
172 -0.272133913902 -0.285684536895 1.9786960627
173 -0.528632077586 -0.437994960109 1.95572156192
174 0.0297114611756 -0.0421299666544 1.60970688327
175 0.560940954068 -0.38735421208 1.86897706675
176 0.963050457199 -0.53697131181 0.883915764586
177 0.431172746668 -0.526043480066 0.74270401689
178 -0.122975488981 0.0423191598568 0.834056911571
179 0.614601664285 -0.433198639713 2.08404373545
180 -0.104999394107 -0.483797335209 1.1245715401
181 0.787731306672 -0.619641720616 1.720794869
182 -0.608335567061 -0.458435544428 1.21586297695
183 0.196655704368 -1.11566467334 0.712807310783
184 0.417524964257 -0.414973243019 1.70214147446
185 -0.551612270118 -0.195917368526 0.904233925275
186 -0.0337883838176 -1.13246386508 1.19411440551
187 0.921168240207 -0.445475088916 0.985233111396
188 0.924771128479 -0.180055135788 1.86834311548
189 0.452754842256 -0.776856542995 0.806701557528
190 -0.661465426247 0.122406505117 0.949419212746
191 0.639442477677 -0.756344276037 1.57018711459
192 -0.592069626739 -0.353264423971 1.37805858338
193 -0.271902313701 -0.283269121221 0.525054909976
194 -0.402362888648 -0.641194214754 0.898044677962
195 0.220022546087 -1.30088038368 0.989999435382
196 0.14952709914 -0.470769713435 0.506457503068
197 -0.392961673273 -0.554582681734 0.913699775938
198 0.820324195535 -0.583559887576 1.09750675398
199 0.508198936206 -1.07233843609 0.916727647692
200 0.67979296432 -0.864251369224 1.40736882766
201 -0.397918071046 0.0381534791056 1.80497516375
202 0.646928094344 -0.60298624017 1.20923572584
203 1.03987197001 -0.87493688223 1.41721611035
204 -0.646988075623 -0.526944862932 1.03793962217
205 -0.0812110841043 -0.988158827837 1.52979910641
206 0.415494645786 0.0953732859777 1.22344151463
207 0.526547556329 -1.06868816657 0.956620077576
208 0.357848979751 -1.0260042784 0.683765540864
209 -0.28189213467 -0.660875147001 1.27843487516
210 0.577492195123 -1.12751693366 1.05276590138
211 0.793867584745 -0.877849586223 0.778684732319
212 0.0706374770967 -0.84411613079 0.724601392306
213 0.372385984557 -0.117835325115 0.489205102829
214 -0.0234500006712 -0.555072752937 0.396205751157
215 -0.356125922629 0.12018472391 1.12468233795
216 -0.60768474144 -0.220295322688 1.5245532332
217 0.720172334175 -0.925741852385 1.00114411289
218 -0.23541418409 -0.852688167962 0.950394091696
219 0.0224940565182 -1.05745180115 1.59308899779
220 0.605671234913 -0.495261652756 1.326982581
221 1.08401243462 -0.419940375406 1.04650184053
222 0.507245701876 -0.707158817608 2.08137908398
223 0.641498933202 0.0345896002266 2.1280220938
224 0.0779298207688 -0.250360676736 2.19007653459
225 -0.170945385335 -0.120610157851 1.58119862373
226 0.538090119768 -0.230528165161 1.73485951693
227 0.00727686353682 -0.970350400641 1.1864425468
228 0.445795014247 0.0746674976687 1.38668489133
229 -0.706024139978 -0.773723690404 1.18409861178
230 0.693337809457 -0.808939533981 0.692528386296
231 0.829780927575 -1.03064255543 0.81569198343
232 0.36159225026 -1.25366625051 0.96327863321
233 0.113948510363 -1.2483144158 1.56874749648
234 -0.684460329724 -0.250656848956 1.16038338585
235 -0.611264453172 -0.434412039457 0.825500467548
236 0.131219194569 -0.826207390266 1.77580592875
237 -0.0203273528289 -0.929250291946 1.75088328463
238 -0.257553248884 -0.743690565741 1.68866702533
239 0.0216230964462 -1.1523844922 1.37641287515
240 0.977726366962 -0.0570911616412 1.73960886442
241 0.510469876565 -0.633244510073 1.52608639391
242 0.453217438176 -0.404754679565 1.53493631619
243 -0.63053859454 -0.68174711991 1.40767632704
244 -0.331510074975 -0.528434814132 0.70061564098
245 0.540011536052 -0.405537887522 1.61470990577
246 -0.517116546374 0.163377611416 1.10495552605
247 0.0721668319331 -0.983220063523 1.98442475258
248 -0.467876418272 -0.806120416981 1.15509436753
249 -0.125922150837 -0.173176679299 0.859103458696
250 0.598412556159 -0.95753340848 1.17936339495
251 0.124740202887 -0.486619596881 2.19263834613
252 0.996325568599 -0.0650654638455 1.74228286268
253 -0.717239208927 -0.0767214391259 0.73705019698
254 0.587063219457 -0.487695606779 1.65508083393
255 -0.188212940024 -0.330440117141 0.548891375817
256 0.726841683382 0.16843732548 1.63846962766
257 -0.0953649834683 -0.43726176225 0.62113110057
258 -0.0130964622485 -0.808194927467 0.71491984974
259 1.07361142853 -0.739594909966 1.00348438231
260 -0.374881635284 -0.73607166562 1.55670829504
261 0.85516794064 -0.00893658522106 1.2235748617
262 0.258457435014 -0.564175401851 1.72026364147
263 -0.100999941575 -0.998062144187 0.744483834606
264 0.664461057112 0.154686998713 1.46001385313
265 -0.313437574386 -0.0772431050185 1.57533928732
266 -0.491726048515 -0.81731256987 0.58671840603
267 0.771358148137 -0.24681121286 1.82739453652
268 -0.00765069629161 -0.758264698761 0.717327134391
269 0.3763677645 -0.274065367591 0.835434371521
270 0.233058749569 -1.21976782672 1.23161235963
271 -0.283446078906 -0.321747442119 1.79882496288
272 1.05454378995 -0.0596435014647 0.787884357556
273 -0.477863453573 0.0394279017189 0.626913549361
274 -0.701533897941 -0.308849832844 1.70686070857
275 0.624669779433 -1.10912057567 1.23129534271
276 0.397154298549 -0.816796729581 0.852073242438
277 1.04882905523 -0.0123969992895 0.827616469665
278 0.131052708495 -1.0614978336 1.39811457039
279 0.465906337224 -0.787787361592 1.88260025515
280 -0.0968195867147 0.104885450881 1.2231259699
281 0.694894876205 -1.05461992584 0.976201453046
282 -0.350873672878 -0.408623219227 1.88693938851
283 0.992056686099 -0.584468462035 0.881997896212
284 0.329501483831 -0.668158612905 0.816399547476
285 0.1316536471 -0.183998946267 1.95775573092
286 0.795456561836 -0.396505845658 1.6461517088
287 1.01539042819 -0.479754078702 1.47478748214
288 -0.0681705572253 -0.491233850881 0.48416804649
289 0.309059896867 -0.583559096568 1.08494410426
290 0.618039422206 -0.580684264666 1.49127558129
291 0.189473203485 -0.644320387151 0.540930975086
292 0.987601634615 -0.137564682217 1.1356269642
293 1.04995991804 0.105427091536 1.66848474908
294 -0.263477842369 -0.894251073768 0.992742898374
295 0.509859827122 0.188364423942 1.09149171471
296 0.710369076439 -0.15391950507 0.961898302728
297 0.561382683789 -0.0946319659797 2.11739727167
298 0.112186634207 -0.354902111178 0.206419506958
299 0.332119283934 -1.25973884038 1.53780457364
300 0.73630344144 -1.04060245168 1.0235477837
301 -0.0323794378285 -0.75958413893 0.610746908331
302 -0.0998481337512 -0.586857996142 0.799224360729
303 1.05177530869 -0.351435438201 1.73748559984
304 0.742856711764 -0.223762431355 1.43354814071
305 -0.417126416449 0.108062960652 0.859751136352
306 0.933159464974 -0.599820883465 0.685006163103
307 -0.638498255715 -0.29267169842 0.963247064134
308 0.0212085168998 0.041501819515 1.6802737359
309 -0.125518930367 -1.17407053913 1.46112116647
310 0.155031429826 -0.666170714425 1.791671401
311 0.828082849875 -0.927668443256 1.10676858495
312 0.243436112161 -1.19025241251 1.39842720944
313 0.591048666436 -0.165479454371 2.03385074172
314 0.904201562956 -0.0255200701206 1.67548055545
315 -0.519650240812 -0.201022063806 0.717174732959
316 0.655761745446 -0.85680753167 1.36393041812
317 0.305553218866 -0.360639092661 1.80871547653
318 1.06834674719 -0.218047238235 1.07306684249
319 -0.208842370418 -0.896205529089 1.15923656305
320 0.945540874338 -0.42398541517 1.40856091528
321 0.0451201976681 -0.407882373398 0.45895066786
322 0.109686777452 -0.561668260167 1.7027217412
323 0.177940087464 0.429040822203 1.38591508909
324 0.220576044849 -1.06959116964 0.819703415858
325 -0.396850165694 -0.723698230171 1.55047781004
326 -0.422647302852 -1.04131300957 1.47105068856
327 -0.419205004814 -0.0741818272453 1.20875481312
328 0.0436471409298 -0.921847926576 0.441312890214
329 -0.153552339487 -0.959953355633 1.01989416587
330 -0.0696837101184 0.0587759424569 1.44866013083
331 -0.465540232239 -0.0602337503971 1.19411928307
332 1.18189142264 -0.237908525062 1.40199287088
333 0.618752348219 -1.10518793689 1.48379184924
334 0.0897686443918 -0.465290952054 0.205465415654
335 -0.303423994196 -1.00417051752 1.15013201064
336 0.175703439248 -0.663432719957 0.877440421353
337 1.07139717083 -0.0060246941704 1.10172953617
338 0.50638413394 -0.354724669279 0.809908912692
339 -0.16172994791 -1.10184306737 1.64047606835
340 0.684600710205 -0.606886022647 1.62580867222
341 -0.478508816633 -0.377695629644 1.75230862949
342 0.377822355886 -1.23584473872 1.33367624315
343 0.0176597251874 -0.219098812026 1.00882204337
344 -0.194387891909 -0.319337903706 0.597685374096
345 0.453431622446 -0.876950409103 0.86914897103
346 1.10777638649 -0.101700983705 0.701456626671
347 0.707745131869 -0.666980487885 1.23666039568
348 0.902290686628 -0.167077207053 0.915653317625
349 -0.330336404502 -1.06328400507 1.66737830833
350 0.304983720591 -0.59121858026 1.28191092337
351 -0.275984703223 -1.05888814446 1.63440373472
352 0.701969606551 -1.02530945779 0.703881112199
353 0.900165947173 -0.147939100964 1.31600059091
354 0.793705172534 0.117154080723 1.1709895012
355 -0.555116212682 -0.309177624685 1.29461945451
356 -0.227827533209 -0.476111442753 0.360272556522
357 0.310984766455 0.176135457004 0.791215705725
358 -0.301201647938 -1.06981635726 1.38368741811
359 0.0832993974995 -0.294236462218 0.590690235895
360 0.085052844885 -0.981627063816 0.948202383604
361 0.416043098758 -0.764658028652 1.83797540718
362 -0.114088178652 -0.905757595069 1.11801428205
363 -0.260941429455 0.0705496771746 0.912928553083
364 0.221451744428 -0.927690550888 1.51602531135
365 0.0394621510299 -0.0674777386305 1.64988369534
366 0.179801671515 -0.655601986977 0.770328219753
367 0.425042919163 -0.935612953348 0.802221821245
368 0.499895478467 -1.10216315539 1.14554749886
369 0.906538307899 -0.0316580413097 1.32321616313
370 -0.637832071781 -0.616494924271 1.13049257876
371 0.0410413251944 -1.27526113173 1.04794440226
372 -0.406054272614 -0.579402715411 1.48384105487
373 -0.246069260715 -0.552913191676 1.95207282721
374 -0.237311841858 -0.540963693235 0.76076539848
375 0.83317482126 -0.766404667228 1.04897176511
376 0.508856509471 -1.01566245394 1.55861841006
377 -0.518102980487 -0.779218352052 1.44625385104
378 0.0468835625691 -1.18719842167 1.67576641187
379 0.0167211714631 -1.24725421652 0.861362505027
380 -0.120513910647 -0.878132615301 1.63744903465
381 0.613138101934 -0.727351195573 1.53736559847
382 0.50040047855 -0.887191689194 0.939760854131
383 0.516284688747 -0.662377582191 1.06360509874
384 -0.320304720827 -0.480649450364 1.34554956201
385 -0.148789907548 -0.818482617647 0.702321167975
386 -0.0668777069477 -0.68704401664 1.78830799108
387 0.630487876745 -0.961589522072 1.65956305076
388 -0.129171691914 -0.511695741048 1.27418891387
389 0.785511793117 -0.931962681369 1.4915546082
390 -0.239051776564 -0.617628317623 1.6418306904
391 0.5471585886 -0.974303303485 1.7012122272
392 0.288314393043 -0.877111372868 1.20299910646
393 0.461805947517 -1.03054599344 1.64599409229
394 1.02521255214 -0.377375523359 1.47581178416
395 0.713912182806 -0.308120849657 1.7349458251
396 0.940193328087 -0.394755425598 1.19412431102
397 0.363901533956 -0.992416361926 1.18005663162
398 0.198494802171 0.036792766849 1.80895463811
399 0.681581319526 -0.188008607167 1.09557268687
400 0.462971958593 -0.417918639601 0.731179817502
401 0.458174998707 -0.326860966761 0.673052090595
402 -0.338118505668 -0.645161812471 0.633038815273
403 0.533954092036 0.30804700129 1.83935864046
404 0.798791811777 0.065312732446 1.36283572465
405 -0.174236283126 -1.20200733583 1.38251510301
406 -0.807944581271 -0.145835575157 1.00788237362
407 0.177089714622 -1.25480206172 1.25350909039
408 -0.110244941782 -1.09976385861 1.66921257959
409 0.541579038614 -0.94003908166 1.55361847062
410 0.653406456555 -0.749044845983 1.81187478784
411 -0.232678516132 -0.81906130197 0.899931655804
412 -0.242620675233 -1.15685932577 1.5388834845
413 0.00566794987684 -1.07654980115 0.937056237128
414 0.614790074734 -0.255525889901 1.9047838251
415 0.26613949145 -0.421070024248 2.19949114664
416 -0.575040445996 -0.140241242695 0.884798329019
417 0.0836336146229 -0.829992380599 1.51566137922
418 -0.112755598137 -0.819476130132 0.777584785619
419 -0.313765548447 -0.665435868079 0.987202162148
420 -0.50687338714 -0.396627491042 1.00873328137
421 0.748557931565 -0.174812785144 0.715725346082
422 0.957928162005 -0.38850020205 1.24364006896
423 0.458453810587 -0.946659052814 1.48206548411
424 -0.298275630761 -0.323733629075 1.73972166372
425 -0.0937151779078 -1.19570782864 1.61908609811
426 0.138149554483 -1.06402572498 1.1606637109
427 0.445249144096 -0.693472037672 2.12377582136
428 -0.352126932236 -0.338822890257 1.98776763907
429 -0.407253700182 -0.525175103449 0.828435347179
430 0.568049910217 -0.576293065821 2.08113578104
431 0.57701628456 -0.169697377489 1.65350150335
432 -0.0231212636442 -1.06806311289 0.972180347681
433 1.16995713318 -0.544718097087 0.911516637197
434 0.331304952543 -0.623995215425 1.52437660768
435 0.768834299872 0.0225854794401 0.755832481784
436 -0.0162000976538 -0.362576285814 1.63539372415
437 -0.516088807733 -0.82983885896 0.995861485254
438 0.264498488409 -0.932640950425 1.78660052146
439 0.296389636574 -1.1878702895 0.788627074303
440 0.278967099215 -1.05463338004 1.1442227396
441 0.296990376294 -1.03317319167 1.07537508189
442 0.721394324078 -0.743322395121 0.935977517251
443 0.138560346054 -0.666964759767 0.730146905489
444 0.881935705825 -0.745976918415 1.05959753808
445 -0.0969179934837 -0.483431541798 1.48178439329
446 -0.127922232432 -0.425807790344 1.13917405303
447 -0.843377222626 -0.10552893052 1.08528168288
448 0.274086667066 -0.485425725156 1.91725983588
449 -0.246747989429 -0.900465116924 1.20578347687
450 0.657564778769 -0.965771304501 1.14332352334
451 0.891396817414 -0.675086940978 0.992496292325
452 -0.0782617380816 -0.571676900894 0.2797921419
453 -0.284205112616 0.282018828178 1.41336220161
454 -0.510393072905 0.0127337759231 1.35682493683
455 -0.111275699489 -0.608023992306 0.789395204256
456 -0.272926222812 -1.087800776 1.00997353964
457 0.71656357061 -0.517360730782 1.63972010542
458 0.102825485295 -0.870278561878 1.76175681404
459 0.785442306707 -0.36370244045 1.18574350286
460 0.0535960182705 -0.0841636904743 1.43586687398
461 -0.000689845565927 -1.20155100459 0.740842096033
462 -0.27139804976 -0.557184506869 2.11655839657
463 0.524095738947 -0.727212629701 1.80257122658
464 0.26721924228 -1.02941080374 1.00549077717
465 0.290444607223 -0.677870470434 1.07178092985
466 0.69141936688 -0.808089253776 1.00277941859
467 -0.183037057664 -0.5284750621 0.796993267008
468 -0.277865931952 -0.92203001742 0.877743255362
469 0.302116254135 -0.686240621199 1.86126352488
470 0.349063770398 -1.230672521 0.900601254732
471 -0.121254518262 -1.06094834937 1.12372761244
472 -0.16021000115 -0.763548329138 0.471266176606
473 -0.330718013824 -0.688669845576 1.28996954433
474 0.0291657033639 -1.03681819201 1.4479157075
475 0.300841380716 -1.02037864141 0.780678316432
476 1.11773137647 -0.473752656573 0.760784308412
477 -0.117802952481 -0.132396254283 2.07738633255
478 0.364809344731 0.0957486493619 2.10797445292
479 -0.329257654974 -0.97225544963 1.56224929988
480 1.09142050053 -0.214520706352 0.784006350464
481 0.627729654999 -0.0237169181539 1.24306392502
482 0.495894936186 -0.911392549272 0.749784635655
483 0.0401223410118 -1.17357569114 0.909465709435
484 0.670607987212 -0.369261044084 1.40089923919
485 0.762322583985 0.164071590589 1.78703688696
486 -0.353173224215 -0.254692027245 1.7665015439
487 -0.177684803835 -0.768700489683 1.39865558955
488 0.322360225438 -1.18979475943 1.0382852161
489 -0.659692408594 -0.587358991591 1.0766392421
490 0.99879381246 -0.355973838522 0.927059920543
491 -0.258229409836 -0.677830303227 1.52354528155
492 0.314422036672 -0.949407724259 1.11681834271
493 0.454671523332 -0.0462824195208 1.82151212426
494 -0.272360367514 -1.14417601772 1.42763075328
495 0.46340693391 -0.683077871939 0.993864128418
496 0.752386607726 -1.08190774672 1.5442633563
497 0.324011167424 -1.32589806276 1.23751114854
498 0.0631451928239 -0.644269557335 0.753841427158
499 -0.591056865804 -0.569079159345 0.942503810902
500 -0.31168348535 -0.982215753853 1.3956221447
501 -0.211296856844 -0.951846561377 1.81630223717
502 0.633508284952 -0.347443533292 0.856605091128
503 -0.483331304473 -0.500583911758 1.78367554946
504 -0.24490882589 -0.597986230245 1.8678164877
505 -0.104060773254 -0.734080194566 1.45390725263
506 -0.156199689298 -0.474967579926 1.83291191311
507 -0.0410042760538 -0.782969325739 1.72062012571
508 0.445737595847 -0.65962902958 1.49186585364
509 0.101397776802 -0.408420522035 0.7179109743
510 0.167271982195 -0.67631175147 1.58892964551
511 0.6348732073 -0.927159324541 0.812564483494
512 0.310614656807 -0.482412879003 1.52664260157
513 0.993730496133 -0.622005896276 0.902396368894
514 -0.0873674094794 -0.671190402532 0.477041877084
515 0.845540838002 -0.595762915313 0.803732025862
516 -0.302004752743 -0.626092851403 1.90684550483
517 0.331257388605 -1.1518004001 0.767774521585
518 1.11505487365 -0.668140955997 1.32444898746
519 -0.192585237061 -0.877707146677 1.42840433336
520 0.376701328873 -0.393066120131 0.627255644105
521 -0.677914518221 -0.297042079462 0.921041308993
522 -0.676570533645 -0.163827475752 0.586222383741
523 0.171074120554 -1.23936155464 1.64395185386
524 -0.0675001635189 -0.474348829438 1.98478246568
525 -0.0715578076269 0.340724436095 1.10583653016
526 0.0951173496178 -0.939148617915 0.710783884822
527 0.0531072840017 -0.608386744374 2.06054321459
528 -0.158497808955 -0.590474366232 1.82608013041
529 0.373252009623 -0.697646981235 1.31597855752
530 -0.535457197139 -0.792146413004 1.48746280001
531 -0.237574932447 -0.609922831388 0.997550491786
532 0.363621701823 -1.19360815807 1.53156853796
533 0.922385805377 -0.562766540555 1.06940326858
534 0.250558569187 -0.199165664413 0.336825228516
535 0.449889767136 -0.550659736783 0.76060744164
536 0.507103601124 -0.77189863715 1.41742097286
537 -0.229301969915 -0.551254296122 0.651683727769
538 0.0170178450932 -0.374326874188 1.49938047974
539 0.763865944492 -0.185235773208 0.662017415577
540 0.224191920935 -0.789642583269 1.89373824249
541 -0.242447468998 -0.325742676344 1.76244260991
542 -0.168394599904 -0.439090736021 0.495252032083
543 0.914187011124 -0.740615307548 1.69159957625
544 -0.342549576834 -0.00164997636636 1.67106340812
545 0.793883160616 -0.457705372539 0.867611975821
546 1.14342971649 -0.353954239566 0.878659849937
547 1.07345140942 -0.523911496451 1.49339700996
548 0.679749383235 -0.526742544702 1.62965257366
549 0.22361779614 -0.961946271224 0.848023874867
550 -0.124429317956 -0.513302248896 1.43617502653
551 1.10124452131 0.0163694001916 1.63110427485
552 0.27658998647 -0.356057150764 1.6051148169
553 0.186198623212 -0.82871910602 1.47629519594
554 0.942578552923 -0.421888376575 1.76667038807
555 0.0610500135484 -1.1302567542 1.48547944212
556 0.263300410198 -1.13167716079 1.81736356972
557 0.2071028984 -1.15421696108 1.14773152199
558 0.27586027986 -1.04202545941 1.51516636667
559 0.458452299302 0.301025660732 1.54377193066
560 0.297649969977 -0.611747487924 1.05522962695
561 -0.360276124615 -1.04396260334 1.05527577279
562 0.124836599976 -0.492937884636 1.88849204688
563 -0.408686778445 -0.70472000894 1.54917417529
564 1.02463468651 0.222392923561 1.59801060727
565 0.222780295189 -0.930953819711 1.97733840565
566 -0.678706393178 -0.051930150097 0.746405321645
567 -0.419874701263 0.1548234063 1.1783475155
568 -0.000897681121848 -1.25122457464 1.50572522347
569 -0.525798224444 -0.343604415174 0.702889236336
570 0.212849126127 -1.28486815251 1.12407865099
571 0.348774138964 -1.16501530624 1.66955265927
572 0.322230282571 -0.0849558531523 1.99660778126
573 -0.422689760197 -0.10928507217 0.639069204333
574 0.604366168403 0.206516761994 1.7113893277
575 0.18876370344 -0.364591248751 0.483970265403
576 0.0732336354953 -0.308445818942 2.11579081604
577 -0.59809021315 -0.0971823654421 1.25296019861
578 -0.37812814603 0.0215503439531 0.773343439288
579 0.999216067956 -0.288746813182 0.934653682254
580 0.855940455813 -0.512923528208 1.12951100367
581 -0.107895024415 0.00298844049317 1.68740844458
582 0.26122677029 -1.21138176046 1.24775065359
583 0.254884422187 -0.342451655654 0.614233339671
584 0.0784951578825 -0.459733723692 1.94118833893
585 -0.0128336857425 -0.957594359566 1.36755084237
586 0.165544258908 -0.833477108425 1.66596401593
587 -0.0858230039034 -1.05024788561 1.86657855983
588 -0.679022199918 -0.0736931100143 1.55826773296
589 0.0583014530894 -0.803819757032 0.833335442642
590 0.541737527452 -0.621524525002 1.91944813881
591 0.710775055551 -0.995929796222 1.46686561672
592 0.393394590064 -0.0255737068798 2.09744661941
593 -0.0889139725565 -0.350676702274 0.798643181372
594 0.848360344137 -0.454139582525 0.774590523612
595 0.355929623643 -0.998684654188 1.8184973534
596 -0.135195374777 -0.962820787588 1.79405799023
597 -0.0271806670232 -0.974778252913 0.7730115682
598 0.665190813253 -1.00517168127 0.840524554112
599 0.398825576031 -0.890565663122 1.53834395363
600 -0.013918349795 -0.836059847875 0.947410822844
601 -0.0913359076586 -0.571722491464 0.504198816074
602 0.462907795041 -0.347204486867 1.53607427379
603 0.0624548691992 -1.14655864343 1.46107342209
604 0.763045913066 -0.618845725241 0.912697621646
605 -0.367439274606 -0.095488164692 1.19851823078
606 0.167949280147 -0.206548659695 1.83647818528
607 0.577108972651 -0.829336463391 0.889293000684
608 0.414693164277 -0.323606449328 0.561499376804
609 -0.345299664047 -0.410174141141 0.659962105031
610 0.459343772105 -1.08753078157 1.26008216933
611 0.322723784131 -0.179635305703 0.287190585404
612 -0.065949143461 -0.502569728341 1.73484862533
613 0.617265143472 -0.70969596844 1.30335165536
614 0.427142058843 -0.0308909913538 1.50116401561
615 0.912038753348 -0.0744805661854 1.2381426801
616 0.220580322516 -1.01245758127 1.07732201071
617 0.352714947228 -0.640567670245 1.31974835582
618 -0.115166489494 -0.683286141027 1.0496715048
619 -0.12441933591 -0.583818585387 1.51369734302
620 -0.660038315115 -0.788092767073 0.850802884624
621 -0.178416405894 -0.59027656433 1.80865819541
622 -0.150244532028 -1.26572374746 1.05177907725
623 -0.157952366298 -0.451047573264 0.787647422038
624 0.240955288163 -0.781180531569 0.555040504893
625 -0.0473353240745 -0.919103919995 0.816247971499
626 0.279956548966 -0.632658225013 1.18455360258
627 0.340556395314 -0.34016800287 1.55853139466
628 0.246859828392 -1.07472768455 0.687274384516
629 0.651255343858 -0.65741480412 0.937799224892
630 -0.0993450545056 -0.445424125204 1.88675257341
631 -0.0458389473841 -0.601955009062 1.63830333118
632 0.27557951511 -1.19733289737 1.43276596607
633 0.187933207341 -0.793662463554 1.68396464905
634 -0.310558927046 -0.148906859397 1.03310132028
635 -0.229038983868 -0.338186327943 2.03139628228
636 0.948094065239 -0.451129855924 0.962538899729
637 0.220338678656 -0.832266386773 1.6700255528
638 0.273989871461 0.198877591624 0.566760862007
639 0.299924352069 -1.23829262255 0.75977324754
640 -0.168081310055 -1.22485278653 1.16170336275
641 0.307880260027 -1.19983354484 1.08496833579
642 0.784189382554 -0.281424331013 0.99440311162
643 -0.227344569343 -0.380012291558 0.66191736334
644 0.45825061229 -0.663601038956 2.14993112842
645 0.0419784460628 -0.954910005652 1.03703526435
646 0.0650089470648 -0.414952705816 0.916304182519
647 -0.213563027307 -0.742652209877 0.97308826208
648 0.177779353922 -1.28710058495 1.0143675729
649 -0.257185032977 -0.419446746617 1.88702714859
650 -0.629380161884 -0.09740024628 0.551997852127
651 0.359903255188 -0.677662606914 1.08625363877
652 0.0723136617224 -0.791692702965 0.852807941597
653 0.687133716513 -0.668444965114 1.16574792899
654 -0.135076936994 -0.273296534737 0.7773128267
655 -0.268553435392 -1.14909072189 1.38459786338
656 -0.427078048086 -0.368990818245 0.959826333195
657 -0.0816647475007 -0.807194435635 0.440641134089
658 -0.290492917269 -0.629780650016 1.12979402144
659 -0.0846593899542 -1.05794748402 0.743820394367
660 0.924444180118 -0.142919259216 1.08731931885
661 0.2672008013 -1.08342755833 1.06533753222
662 0.0371169222733 -1.28373366572 1.34212650903
663 -0.270067791587 -0.212301971158 1.29716074961
664 0.456259941026 0.409898531996 1.10996527207
665 0.602181658699 0.0288631461704 1.83888495229
666 0.834271686039 -0.243958175728 0.689557215263
667 0.173855898887 -0.981564580813 1.65802958385
668 -0.453717124616 -0.367120708415 1.33952912071
669 0.0882296231914 -1.23848500506 1.39858141785
670 0.00309778511033 -1.17796672196 0.788555144764
671 0.0349953736288 0.26581439895 1.60636600533
672 -0.559028967157 -0.927018939586 0.832432731926
673 -0.056651574365 -0.524428878816 1.80109912077
674 0.0362143882513 -0.297216845172 1.7821432546
675 0.244123276907 -0.515482481025 1.61254123472
676 0.274548121139 -1.26072309209 1.28867059955
677 0.62007662844 -1.0464223613 1.48509196788
678 -0.105822328936 -0.157136618112 0.796121723089
679 0.882321868324 -0.316685919161 1.02321280417
680 -0.145632680825 -0.888058630211 1.35607269635
681 -0.714749331776 -0.258524799552 1.27866039948
682 0.923640032508 -0.811661024742 1.65384777949
683 0.509829627134 -0.705803818753 1.45343098801
684 -0.312327103662 -0.414926760047 1.26929464405
685 0.226535371548 -1.05576717387 1.00975690036
686 0.990224409247 0.170917603826 1.01129973972
687 -0.506722297683 -0.672980957313 1.41089160977
688 -0.360526490389 -0.58888115628 1.99788690308
689 -0.1373127471 -0.407276441068 1.90453836045
690 0.904320254616 -0.322169229596 1.62701923522
691 -0.423690458309 -0.647891426269 1.16088436656
692 -0.269660105807 -0.926387082013 1.69370503633
693 0.585120378836 -1.12070770878 0.92633765717
694 -0.238751900062 -0.574979427546 1.10546333296
695 0.218493697987 -1.20724994579 1.45927021037
696 -0.11079483503 -0.102825668661 0.901637709305
697 0.482889063862 -0.672274067949 1.63919910101
698 0.176892828352 -0.557917545022 1.62362003597
699 -0.0531078187184 -1.05248073659 0.526697279954
700 0.602485462803 -0.815304214637 1.27937616417
701 0.448445193471 -1.05016931565 1.19765214531
702 -0.40223975759 -0.53653459762 1.12027274217
703 0.392817122473 -0.961946317382 1.03804346759
704 -0.552607436567 -0.73664622017 1.38265897043
705 0.843341113937 -0.876580327803 1.26559226517
706 -0.129867635633 -0.871133792606 1.49204935246
707 0.461567747778 -0.034725132596 1.13275359525
708 0.245449126982 -1.22548428655 1.10409318488
709 0.588892755005 -0.120250048073 1.71737771571
710 -0.20667341637 -0.17902820455 1.26457643654
711 0.685496985251 0.0640663411445 1.3510401045
712 0.195175472702 0.358998433253 1.76262919361
713 0.128908322142 -0.107690317425 1.44420866455
714 -0.412228609657 -0.66188418202 1.6481395436
715 -0.00715167502399 -0.57065721011 0.401115427796
716 -0.33954200626 -0.586867526197 1.71092295748
717 -0.130798466423 -0.437113208387 2.06124184814
718 -0.691591264142 -0.479050342175 1.06102950985
719 0.071556218314 -1.24598352798 1.39384353786
720 0.0195263508055 -1.03582481752 1.18812363667
721 0.872160258306 0.0836844477292 0.897132163897
722 -0.381893171659 0.398996186193 1.5442642166
723 -0.167460682217 -1.04733571987 1.27088631468
724 -0.00489598744515 -1.2596616681 1.05295223053
725 -0.411215361012 -0.388545292843 0.684142554279
726 0.349518306396 -0.493675816473 2.19906596357
727 0.5146499555 -1.24856178725 1.35680440496
728 0.189815078028 0.129526200286 1.78641831309
729 0.216277142301 -0.678545078708 0.267244581573
730 0.387454085218 -1.2176195647 0.845295928817
731 -0.0648624132935 -1.1560589846 0.812765427233
732 -0.0395545720996 -0.745736291796 1.76607297664
733 -0.0603235505735 0.196672042705 1.44037884545
734 0.11839067105 -1.21309357979 1.25156107834
735 -0.0712774902324 -0.326958903845 0.421445756771
736 0.411394933146 -0.588818867248 1.2289464869
737 -0.340478373863 -0.116228388548 1.33160688414
738 0.524964832186 -0.316008507905 1.78694873944
739 -0.136743216775 -0.567048840243 1.84432189669
740 0.512636676419 -1.16056178417 1.49388231716
741 0.971227562751 0.115556820959 1.29200449197
742 -0.0286885865822 -1.13823502831 1.48048481765
743 0.355828110264 -0.247502851686 0.722149453035
744 -0.163920066234 0.0377529252734 0.893336804257
745 -0.179796602243 -1.19192264954 1.05846608608
746 0.52246727648 -0.922803575391 1.43184585464
747 -0.308999654366 -0.707853882656 1.05851134407
748 0.508732974706 -1.17358659043 1.55861468263
749 -0.673513037022 0.18026472246 1.2635156946
750 1.17873144865 -0.121888679981 1.55343754634
751 -0.450825768171 -0.0322110304602 1.73027639634
752 0.375427819462 -0.54784677789 0.623985693677
753 -0.163890049536 0.453550647655 1.18148898887
754 0.961915248435 -0.0174313207128 1.07272831259
755 0.198841376679 -0.90329087836 1.05943294974
756 -0.163900391096 -0.446170556868 1.69488453244
757 -0.422863879842 0.0218856073066 1.13820312232
758 0.888245853583 -1.01164454946 0.878935099774
759 -0.498932642912 -0.520134931685 0.842177953409
760 -0.389283804472 -0.0276793307262 0.617576617271
761 0.166899972124 -1.09608260972 1.61013311144
762 0.478838285712 -1.23923425299 0.974693389485
763 -0.182077982333 -0.903797338281 1.32246824559
764 0.086405021892 0.100812506228 1.56421315065
765 0.843571335516 0.029472827705 0.697232152166
766 0.786185945797 -0.909791795721 0.970406198399
767 0.00520166803782 -0.814204338508 0.90528468064
768 0.607448446414 -1.11168974428 1.54083471405
769 0.000816302102555 0.0594055024271 2.06970601019
770 0.190383714785 -0.494013174381 0.924703597201
771 0.285966403212 0.00421733102259 1.87319644051
772 0.386693475956 -1.08533864137 1.05770132158
773 0.483517192467 -0.673372799442 2.01171346255
774 0.511162902447 -0.57498926417 1.52901637141
775 0.224955366546 -0.339035285348 0.391973108012
776 -0.251081907274 -0.247530511167 1.36756443191
777 0.350121829197 -0.428821282347 1.52129702863
778 0.57819603617 -0.805637349238 0.86551044593
779 -0.205514231352 -0.145305944513 1.2242580091
780 0.374110754467 -0.75563303945 0.520773056315
781 -0.195320143504 -0.901357221707 0.800992053469
782 0.419152742006 -1.26934684245 1.02850884313
783 -0.119589946977 -1.13194263786 1.13817737626
784 -0.264525119583 -1.0496023557 1.16609190163
785 -0.0434173110565 -1.180460338 1.39499386031
786 0.893299324862 -0.0400334659057 1.76180625199
787 -0.0967992688357 -0.568714071355 0.303269909817
788 -0.324732639743 0.349046918184 1.37818872078
789 -0.0571250942109 -0.931681320836 0.729805861799
790 0.835736876903 -0.450655308322 0.79067138296
791 -0.361258359121 -0.427483171289 1.15935697553
792 -0.226746189479 -0.083495703915 0.625056069034
793 0.39822928891 -0.525379606943 1.09453198881
794 -0.158017089653 -0.6582507323 1.70325624187
795 -0.357666240835 -0.759915001962 0.74766272565
796 0.430920021629 -0.885729451508 1.39762197742
797 0.00130770241466 -0.804285165793 1.95362730818
798 -0.445571350918 -0.261866689603 0.501790122212
799 0.195185070145 -0.750756311059 1.79679784423
800 -0.168896959169 -1.14367179656 0.897821846885
801 -0.62937453695 -0.130872075397 1.54804949117
802 0.737568778554 -1.04224037776 1.52890662326
803 -0.2061933009 -1.01074107533 1.1095786478
804 1.15183760351 -0.184228140608 0.755150422251
805 0.616309487117 -0.866889175982 1.95238449984
806 -0.0758195669251 -1.07230190967 0.697046527357
807 0.559523008077 -0.324995255981 1.53079825158
808 0.0126234095477 -0.835053853286 1.93132081411
809 -0.696972034527 -0.0822341154092 1.62194313147
810 0.642280636289 -0.617994017544 0.901630334793
811 0.865925953601 -0.490503940189 1.04101326707
812 0.715407775158 -0.656376477054 1.46573766012
813 -0.11309133559 -0.859198585014 1.53290297247
814 0.0412549426349 0.420502575967 1.51607992718
815 -0.444571045237 -0.322692850746 1.11155732843
816 0.269228506131 -0.979764670452 1.74609390764
817 -0.104272386761 -0.673604782623 0.716102527704
818 0.835394785632 -0.953852087335 1.06488265642
819 -0.241082796428 -0.989831756574 1.4817253923
820 0.205340235635 -0.693844933142 1.99508051637
821 -0.391493677658 -0.413698932973 1.34845470777
822 0.303212407684 -0.387469509941 0.677092407022
823 0.268721785894 -0.647632658739 1.76636318665
824 -0.338963719215 0.369250813578 1.32225762339
825 -0.793756902518 -0.534063454456 1.41921511535
826 -0.0299400504423 -0.73183466629 0.725447728693
827 -0.0976046241883 -0.860682037213 1.74085981411
828 0.531381023956 -0.0760093590734 1.79647252105
829 -0.0317912252635 -1.08061910654 1.03626351783
830 -0.602492313247 -0.757985597558 1.30994837254
831 1.04360407205 -0.117516891438 1.68192810743
832 -0.0553915519402 -0.967441677788 1.0316925853
833 -0.0674437350637 -1.19929544669 1.06870210155
834 0.699471147135 -0.732350634269 0.790251731053
835 -0.0950335366079 -1.0447195976 1.33872616113
836 0.537623960246 -0.707120355762 1.72882279603
837 0.635771528521 -0.546985627138 1.16167450072
838 -0.511519297929 -0.631365065109 0.631735532727
839 0.11171871474 -0.944715937852 0.95844392444
840 0.761364566925 -0.202324693153 1.69776690124
841 0.0564425696568 -0.709454776222 1.84297862305
842 -0.397639466527 0.0192448133723 0.388951807476
843 -0.118995778228 -0.723011476355 0.796942127922
844 -0.114994192189 -0.591997999628 0.408325967597
845 0.583051768406 -0.518735955053 1.43792674184
846 0.262813316868 -1.18483818652 0.807062850501
847 0.56186538805 -1.03532325119 1.26908954923
848 0.987869800654 -0.293005708043 1.11557123591
849 -0.512842259414 -0.549233675789 1.89777445109
850 -0.231839492135 -0.722080844559 1.30843522169
851 -0.519755425781 -0.293398711092 0.641855206835
852 -0.277116818526 -0.542935293849 1.57542701689
853 -0.097657954876 -0.290904461571 1.46155734252
854 0.614868972829 0.219642432405 1.57253097575
855 0.152408492449 -0.637841620518 0.993567205727
856 -0.195532326781 -0.663575575898 0.866204596402
857 0.105574919908 -1.10075726486 1.32388604252
858 -0.222872779873 -0.801384613796 1.6423290496
859 0.300998351901 -0.432611203349 2.04416023271
860 0.302901604796 -0.893400743343 0.945648613544
861 -0.230005475888 -1.10680753606 1.40884457125
862 -0.165482060209 -0.582456516865 0.878375716253
863 -0.061499235147 0.385265784431 0.882882095574
864 0.510740333303 -0.74174464987 1.29198858925
865 -0.118396776719 -1.01567744682 0.821456786276
866 0.0999529137735 -0.800446738382 0.568854507992
867 0.802443067988 -0.133297840105 1.20479751035
868 -0.217131218144 -0.854339735825 0.967042673456
869 0.609627993103 -0.496363954697 1.19999340732
870 0.544710535016 0.245112384118 1.50081271309
871 -0.631488417558 0.0279246738713 0.703215832097
872 -0.147634408127 -0.905828459261 1.08118522961
873 -0.213775274587 -0.0630575267735 1.52320187978
874 -0.471495624806 -0.373185300295 1.32461222546
875 0.470225135032 -0.972695275573 1.62633448428
876 -0.309028514941 -1.05721471404 0.856070104797
877 1.14815668555 -0.0102197743357 1.61476254021
878 -0.308061172752 -0.834010860846 0.81533404062
879 -0.0166480789724 0.0795760509046 1.90600727487
880 -0.47368608708 -0.622603703783 1.85237981882
881 -0.129170972051 -0.714277266664 0.877962645832
882 0.168560419367 -0.563640342255 0.806699208116
883 -0.117772846022 -0.924191862781 1.38451411435
884 0.756138864489 -0.0899892202899 1.16456648755
885 0.40974082196 -0.145540318187 0.178068387068
886 0.344705152388 -0.898787792285 0.945132176687
887 0.163816330531 0.247410055133 1.77790999258
888 0.0806915488684 -0.83027298937 1.85950181089
889 -0.0262425370629 -1.20620472631 1.39656392878
890 -0.246522293882 -0.783406621392 0.677609705415
891 0.677507610372 -0.456842286607 0.999510483798
892 0.74365064442 -0.00586871987326 0.709140890927
893 0.794017446409 -0.786041736587 0.600723595139
894 0.777462783341 -0.504099034261 0.866508661288
895 0.208992164047 -1.02064708393 1.40258999417
896 -0.0949913054039 -0.381117426583 1.3323014516
897 -0.135661392268 -1.22546698847 1.36171521912
898 0.691777983009 -0.898440830828 1.32162445605
899 0.861187521124 -0.419466608946 1.23292706387
900 0.805536880005 -0.64987979794 1.64945048423
901 -0.51054752024 -0.404442440188 0.919953601459
902 1.14947875152 -0.268349658677 0.740035020794
903 1.02137967875 -0.0797207193408 1.36266948523
904 0.393019291665 -0.102147423834 0.663206449451
905 0.140042468517 -1.18479354548 0.855178290949
906 -0.486049405434 -0.595089316887 0.814203913316
907 0.3177740158 -0.855208392047 1.77092184355
908 0.654629505517 -1.14353274597 1.0012176754
909 -0.129145513539 -0.893165617857 1.10049750963
910 0.966920280823 -0.104345689719 1.34167012254
911 0.645842064751 -0.394799088503 0.870662152685
912 -0.279120428483 -0.490060517052 1.90046677807
913 0.391449173519 -1.30349724267 1.15104097997
914 0.526681488122 -0.0354880298769 0.893806240476
915 -0.216056347885 -0.944607518981 1.78860196299
916 -0.090355609964 -1.19388820065 1.33027580391
917 0.7773186421 -1.00376643755 1.45988442804
918 0.618960108753 -0.47532538454 1.7484122566
919 0.896684307513 -0.34392760832 0.771678003652
920 0.258916157321 -1.24229659944 1.53736137432
921 -0.666496724688 -0.447858584251 1.66582492594
922 -0.209064532487 -0.36682697259 1.31729637316
923 -0.754248320064 -0.23270433916 1.13301051963
924 -0.13884837432 -0.711205553077 1.96697572989
925 0.949214795382 -0.0560750984627 1.49936972482
926 0.958576189242 0.134742503224 1.06830505156
927 -0.198850655348 -0.00929346873494 1.62196754639
928 0.319485223756 -0.528659821471 1.84808718586
929 0.886476163214 -0.372660779018 1.17572556701
930 -0.183109351414 -0.976713818586 0.534220669105
931 0.200143318337 -0.92748403945 0.81324401874
932 -0.803763880294 0.10899246769 1.07285198112
933 1.16227759401 0.00182786554864 1.1863032099
934 -0.0106350660761 -0.341648758191 0.811531445916
935 -0.0619623973341 -0.357926215436 1.91744081163
936 -0.0674591113187 -0.513926100508 1.40416376193
937 0.402205532855 -0.0606730826495 0.28991468127
938 0.31521767305 -1.026600399 0.850366120009
939 0.127835886143 -0.228046546649 1.58188490316
940 0.255911426905 -1.23889352545 1.49729850194
941 -0.494594255313 -0.531402662236 1.65557421299
942 0.390021562482 -0.82042087033 1.33728092889
943 1.00004388785 -0.75467634954 1.53554814161
944 0.734956259513 -0.507765142422 0.707718631571
945 0.38413321987 -0.471263925262 0.795188831754
946 -0.878909614554 -0.302466624094 1.28268522464
947 -0.181403652726 -0.667368048973 0.390951883223
948 0.75277526508 -1.0705879891 1.38641819449
949 0.128030996968 -0.733491816476 1.75648172105
950 -0.349724261088 -1.06020299365 1.35669808832
951 0.0316958859444 -0.118804669057 1.67142324824
952 0.18829694952 -0.716758411911 0.498919072365
953 -0.18897605475 -0.860056365006 1.64262903149
954 0.891391052626 -0.500719745034 1.88525378165
955 -0.302225524192 -0.539085224034 1.38291705291
956 0.304111306384 -1.19189180926 1.29350391696
957 0.566505483972 -0.147164161789 1.86094142876
958 0.82441310914 -0.821447865936 0.672771488214
959 -0.277725573117 -0.664564956864 1.64249955081
960 -0.635966721143 -0.217487154459 1.17637796158
961 0.783899038075 -1.02039054375 1.65421674277
962 0.337913639835 0.0479228500744 0.899075086927
963 0.231917974541 -0.312128267586 0.971333372657
964 -0.39616923357 -0.199618886332 0.390942609454
965 -0.0629148652816 -0.969018075681 1.50791418599
966 -0.608103479621 0.262303248229 1.44601734815
967 -0.684410298449 -0.681383482159 1.48954222479
968 0.45292960886 -0.932644599536 0.832318317678
969 0.506127650867 -0.79309545195 1.58601487222
970 -0.40209079327 -0.130001666321 1.65771055444
971 -0.748832596241 -0.733747104193 1.16887849317
972 1.10216913958 -0.656914422198 1.59654426746
973 0.820026696251 -0.495017389449 1.19498223812
974 0.522592128872 -1.09231785699 0.617312089685
975 0.934163919997 -0.838096922126 0.747330153164
976 0.414871606334 -0.866086198442 0.968387902742
977 -0.201454521954 -0.674123675999 0.906899323175
978 0.687650009701 -0.0875524901393 1.13105075231
979 0.0623207809832 -0.99972036093 1.08500062079
980 0.183895798946 -0.862300198073 1.90177918302
981 0.318359106429 -0.616284798782 1.75438933899
982 0.0871750656443 -1.0040815929 0.904928463817
983 -0.0829373795875 -1.04585013727 1.74517783232
984 0.408539840688 0.441050659355 1.14247374551
985 0.466349529277 0.0132875770433 1.55726596818
986 -0.179052618686 -1.18756717958 1.30179680615
987 -0.532896753402 0.0194298663654 0.910917549894
988 0.10773386735 -0.528731463584 0.295411933399
989 -0.184747603896 -0.699293357113 1.00015804907
990 -0.0437551882013 -0.835775197274 1.40468861856
991 0.197211891887 -0.571520333622 1.57975941348
992 -0.244748576387 -1.23179513526 1.31175493741
993 -0.247490015588 0.0919185566342 2.03737592714
994 0.144895874874 -0.802217851528 1.87887288907
995 0.49057906525 -1.23177450105 1.05329044595
996 0.882715094406 -0.687484118804 1.61895884379
997 -0.385645507272 -0.906029140543 1.01377816924
998 0.108382242582 -1.0978859931 1.3884810679
999 0.448839164921 -0.929010747824 1.53618564088
1000 -0.270684073725 -1.17713823979 1.18823942121
1001 0.292139011739 -1.20536997584 1.17298060685
1002 -0.368757899853 -0.48382641612 0.390014193106
1003 -0.151858067469 -0.967073399908 1.27070969545
1004 -0.350706231898 -0.637682490939 1.30459980871
1005 -0.0621018392746 -0.929702403139 1.27215210466
1006 -0.181684423044 -1.19744424195 1.39234095639
1007 0.814775850741 -0.622796992672 1.5063316004
1008 -0.177671883027 -0.554442774652 1.65485151073
1009 -0.254473540603 -0.519106572591 1.65897667682
1010 -0.199660697933 -1.25096080029 1.31765919488
1011 0.315984453264 -0.556708477521 0.446453264313
1012 -0.278766002401 -0.61590703026 1.83245284396
1013 0.427003028125 -0.791105972485 1.5335345836
1014 0.249521528356 -0.79030071117 1.9595589491
1015 0.877567012286 -0.486483864802 1.29671832
1016 -0.302198787576 -0.953317091813 0.96978127578
1017 -0.261270147879 -0.263981553243 0.447743964987
1018 -0.105154403438 -1.21268988889 0.837202798487
1019 0.02030962558 -1.31057801137 1.06290015649
1020 0.461721706303 -0.159332035918 1.39297829308
1021 -0.377676808771 -0.204127933927 1.67167620414
1022 0.903676108983 -0.632111192542 1.42037108024
1023 -0.0674883547843 -1.16339670609 1.52552349862
1024 -0.464217712801 -0.830452293272 1.35842396897
1025 0.404057775651 -0.885730938185 1.860523603
1026 0.292294498782 -1.04468200892 1.04675109135
1027 -0.578133346456 -0.467080577458 0.868935873019
1028 1.06736325281 -0.749674520083 1.34666269176
1029 0.140500376963 -1.10901901367 1.63587393782
1030 -0.303040419688 -1.01474951293 1.42430474612
1031 -0.773520370437 -0.102204331813 1.56910640014
1032 0.543737416148 -0.771932206986 1.67711339107
1033 0.722848028961 -1.08946932655 1.38649021038
1034 0.246762175192 -1.24029360947 1.05612874152
1035 -0.557995570049 -0.540944625527 0.790230447983
1036 -0.271375237288 -1.02440818972 0.885183939037
1037 -0.216699112918 -0.357570929772 1.37437099802
1038 0.519005933578 -1.00794455018 1.63842429672
1039 0.52265484759 -0.919405601977 1.39014221987
1040 -0.112419706117 -0.108271866197 1.53092816603
1041 -0.649125299448 -0.313812349359 0.552481994384
1042 0.750707370164 0.114938684571 1.92824672698
1043 0.0652469626112 -1.11317221094 0.73111026192
1044 0.111182663938 -0.672159453963 1.73088302246
1045 0.325005826244 -1.24674251545 1.00057376886
1046 -0.0931139861375 -0.341387113685 1.73879649898
1047 -0.337515731886 -1.13297490704 1.32119738415
1048 0.24898268733 -1.11824515181 1.07552072599
1049 1.0437575626 -0.301117046581 1.17279300318
1050 0.852931904399 -0.860017890797 1.7808917584
1051 -0.059552230435 -0.250809001323 2.045047044
1052 -0.16944869422 -0.322759864288 1.18479316654
1053 0.225898031504 -0.910612506022 0.753303697189
1054 0.501992430812 -0.121036464383 1.84526084983
1055 0.627624414855 0.0835280674419 0.717306137272
1056 -0.111421503769 -0.975663134635 1.51507599767
1057 -0.231549267266 -0.989141946325 1.09014010682
1058 0.222387392915 -0.499644789223 1.08606730682
1059 -0.408003400335 0.117070785503 0.7080481604
1060 0.781522038061 -0.12557508069 1.41719497501
1061 -0.211493500644 -0.812601448566 0.985897538909
1062 0.00256517663848 -0.263622643782 0.612533361613
1063 0.344546300529 -0.759645394799 1.7866226238
1064 -0.702154624086 -0.501013709824 0.984611099723
1065 0.305569785642 -0.371166229159 0.672947437273
1066 -0.234086179807 -0.500976574352 0.289655582781
1067 -0.322841259545 -0.822914148904 0.723714985297
1068 0.644589252095 -0.0744949854012 1.07681630166
1069 0.17227966618 -0.63722613289 1.67800510541
1070 -0.2643757208 -1.03475053626 1.3774821548
1071 0.88515218471 -0.575999326737 1.91309810711
1072 -0.518726146602 -0.586860728804 0.925367590093
1073 0.478634466387 -0.658551895393 2.15365784158
1074 -0.399803488521 -0.326540243832 1.69880482767
1075 0.194775938194 0.0517264869709 1.58392460851
1076 -0.189887193779 0.218251131032 0.565770274641
1077 0.45699716812 0.214667034348 1.35709176083
1078 0.254036529814 -1.02749290802 0.600854297505
1079 0.436406473928 -1.13981340512 1.45071783694
1080 0.438362688854 -1.08770818302 1.72353347719
1081 -0.134004089058 -0.647848867242 1.0983372375
1082 0.196128846961 -1.21408639862 0.879061246149
1083 0.266911810317 -1.15650821984 1.19851840031
1084 0.703318659821 -0.574060988685 0.753798546289
1085 0.933059660328 -0.181994513779 1.36092308377
1086 -0.28182192612 -0.954257290959 1.37983785873
1087 1.00502227022 -0.0944727537941 1.12648793854
1088 0.620387010029 -1.17639970614 1.54101657004
1089 -0.0375068072095 -0.763091264109 1.34807334173
1090 0.0754396966534 -1.07626998578 1.76090590444
1091 0.250146601939 -1.19574952899 1.27580225624
1092 -0.0909607845288 -0.822254450756 1.49833266085
1093 -0.246429457668 -0.860980443621 1.03997683099
1094 0.0725857017569 -0.728515151315 2.03228008327
1095 0.237996994666 -0.741012212235 1.79085941963
1096 0.786757569213 -1.00586444506 1.42348013934
1097 0.674365172069 -0.746933512146 1.10706888584
1098 0.259870366322 -0.473221440227 0.536196116611
1099 -0.391016848165 0.190543484411 1.4726699319
1100 -0.314864217443 -0.829641349915 1.10001453804
1101 0.32485879108 -0.247161694634 1.78620647333
1102 0.432542728698 -0.175627783665 1.49170487299
1103 -0.204039762089 -0.958850000125 1.86989810741
1104 1.10507310009 -0.229522363866 0.898555654283
1105 0.0767139866597 -0.913124769642 1.03350030078
1106 0.299570901978 -0.374760610244 2.13192947257
1107 -0.172685810699 -0.898786644724 1.10287023568
1108 1.01069908889 -0.00297543680877 1.5893497236
1109 -0.120728784266 -0.324338853511 1.91125216046
1110 0.550024727965 -1.07449939686 1.07188362322
1111 0.195480958243 -0.828927671343 1.8750515508
1112 0.139812417159 -0.79341721401 0.359382809067
1113 1.07714289578 -0.288860493302 1.01825859213
1114 0.29987536721 -0.738595714937 1.26384369167
1115 -0.561248922847 -0.989593996408 1.25544253011
1116 -0.256692359361 -0.821050657843 1.54041989328
1117 0.76601349408 -1.09740680163 1.47690517836
1118 0.125426982618 -0.860453447235 0.486910033527
1119 0.817613524187 -0.2419466888 1.10651517364
1120 -0.0885594656085 -1.03680819779 0.769170718704
1121 0.94414925565 -0.61868388161 0.713081181532
1122 -0.234564339337 0.393091436725 1.35769965238
1123 -0.37072032469 -0.846429308757 1.41429722149
1124 -0.0908097826115 -0.44394691577 2.00978447755
1125 0.361024327597 -1.21738572193 1.14442460262
1126 1.0203778689 -0.319083879307 1.1853300206
1127 0.752224936656 0.41047763304 0.819547930176
1128 0.581192484446 -0.765432811874 0.688956980896
1129 -0.316816458151 -1.13554582836 1.19271235179
1130 -0.00752639161627 -1.25497516497 1.04105660392
1131 -0.107462261808 -0.766284953459 1.29057049712
1132 -0.0187202977561 -0.927674711506 0.799214058247
1133 0.380102994792 -0.749461594363 1.63072532917
1134 -0.182255071923 -0.738705425169 0.600268756346
1135 -0.0890996356168 -0.870649075074 1.82065777424
1136 -0.432013383688 -0.806457183941 0.662250416702
1137 0.883974144219 -0.651098231671 0.685804673182
1138 -0.190952222519 -0.568461820209 1.43133244419
1139 -0.293622535304 -0.908614706467 1.23452002454
1140 -0.185277635466 -0.915135471914 0.606578637763
1141 0.0179383373852 -0.429712744247 0.516782185443
1142 0.152885484644 -0.838920579109 1.90482113969
1143 -0.124780644106 -0.249200993549 1.55141040368
1144 0.762168387244 -0.507295309038 0.838794892464
1145 0.224264833716 0.244061212359 1.87910413667
1146 -0.473919251661 -0.855559779068 1.1537459665
1147 -0.4220152305 -0.601362713715 1.50923736081
1148 0.365547375011 -0.988420848671 1.54337597156
1149 0.311343951466 -1.2315693447 1.11568789161
1150 -0.0325995671031 -0.856546534536 0.708262873351
1151 0.787757654508 -0.74064514606 1.41983994887
1152 -0.149077374472 -0.869811076183 1.02250425782
1153 -0.524572842935 -0.181874355366 1.51539037392
1154 -0.246337898483 -1.15945208273 1.00296730558
1155 -0.710081924689 -0.361674415268 1.65934821014
1156 0.249336401131 -0.964156262496 1.56942639766
1157 0.427520534199 -0.200376573096 1.66717708023
1158 -0.404388079341 -0.470618308027 1.11706918736
1159 1.19713303842 -0.26624597036 1.1636597473
1160 0.204567713349 -0.742654253199 0.701949935088
1161 0.631110308482 -0.779669379877 1.52943861129
1162 -0.464575659963 0.0380703056135 1.47702963037
1163 0.466370074909 -0.550632051025 1.68651026197
1164 0.651956563917 -0.929412857581 1.78416539163
1165 -0.402938487728 -0.174804728005 0.34455363822
1166 -0.152296834789 -1.12607603207 1.004014068
1167 -0.529202793398 -0.697348956995 1.55686015393
1168 -0.496330135658 0.123076143876 1.43586931898
1169 0.1276173305 -1.19639572982 1.33691177725
1170 0.316927996898 -1.0243326035 1.59341405166
1171 -0.167790546702 -0.990152802298 1.62508850668
1172 0.34454484572 -1.0797053426 0.604724249963
1173 0.333501946062 -1.21985695359 1.04362665148
1174 0.419684223278 -1.05068815606 1.74866628998
1175 -0.39012863858 -0.846710821982 1.23923625736
1176 0.576506261714 -1.13033352619 1.27977818178
1177 0.268706527812 -1.10170455748 1.45848776771
1178 -0.332699122303 0.000996624766602 1.39620243629
1179 -0.722394682582 -0.345105054242 1.34326977941
1180 -0.100575556669 -0.93917535308 0.88699378447
1181 0.390334211767 -0.941309190431 1.07682697155
1182 0.826775327351 -0.515260836928 1.64675484283
1183 0.818301830238 -0.398394205644 1.6467276821
1184 0.153724085707 -1.17740329039 1.45283546645
1185 -0.0535820312206 -0.831779638959 1.96128212569
1186 -0.375794780738 -0.347683599966 0.598355665655
1187 -0.287584161695 -0.879465490186 0.478482239947
1188 0.711065449597 -0.20121274 1.63310584109
1189 0.484155571593 -0.627629424893 2.09804867439
1190 -0.434774909639 -0.953642304957 1.12863783138
1191 0.277897106258 -0.316455816189 0.46849747697
1192 0.574871221037 -0.159091427403 1.15601358761
1193 0.696376125566 -1.08859764694 1.37354621184
1194 -0.472404291037 -1.052571538 1.29589271002
1195 0.41977060691 -0.442275776929 0.833684775602
1196 0.930425435572 0.0758026786751 0.846022355177
1197 0.396747728654 -0.688701227197 1.85662910568
1198 0.540603920679 -0.927028337524 1.33580716777
1199 0.305482041734 -0.431797699909 1.83256740675
1200 -0.495783007079 -0.385671092168 1.3396612904
1201 0.738688707079 0.27658546642 1.22165886001
1202 0.189084109776 -0.380769917247 0.673823022475
1203 0.622650987499 -0.448482971286 2.0924374776
1204 0.170655318164 -0.911624055383 2.04410698979
1205 0.921316844406 -0.0810641593872 1.35426482107
1206 0.0991200604719 -1.0574169372 1.38417877966
1207 -0.0878034691693 -1.14169098585 1.65339516713
1208 1.01576284445 -0.501676581052 1.33385683907
1209 -0.306640899949 -0.723611871818 1.83621154752
1210 0.141319943635 -0.822019964018 0.756533681515
1211 -0.482774998694 -0.0156620815723 1.51318243934
1212 -0.127737122308 -0.0520311913703 1.00576461373
1213 0.0360977199328 -0.881039906617 1.46673439952
1214 0.524700113703 -0.692628578008 0.802800856763
1215 -0.0626526729827 -1.04524149033 1.22809854988
1216 0.334348467579 -1.06682415757 1.00893129209
1217 -0.284456648124 -0.949554113388 1.62020605685
1218 -0.37843037653 0.176757625982 1.49485965896
1219 0.236587358366 -0.826455822533 0.783530051148
1220 0.732787193279 -0.547767890597 1.56601928078
1221 1.06853615706 -0.665418759777 1.61066050158
1222 -0.361478740411 -0.855662793064 1.46223810495
1223 0.147946004526 -0.988742827586 0.867182370477
1224 0.409567906339 -0.335086811703 1.70969998468
1225 -0.225925514304 -0.302868151968 0.644425714695
1226 -0.276710708583 -0.527073212329 1.75033732005
1227 0.894121330077 0.118760072727 1.46938211448
1228 0.620020764295 -0.839166825029 1.7248027326
1229 -0.0375663795273 -1.24835781524 1.17895274351
1230 -0.493872544729 -0.452637930977 1.53585839338
1231 0.0477279747846 -1.22444430663 1.38712119312
1232 0.524820971852 -0.219204140596 1.61732218564
1233 -0.0613593228349 -0.743606558874 2.01783495307
1234 -0.646042997815 0.168803714623 1.26384184035
1235 0.0358060930764 -0.857957409086 0.408459627766
1236 0.135747982932 -0.972732600693 1.57556805717
1237 0.397072498053 -1.29507144907 1.33623557234
1238 0.358968758136 -0.697697400466 1.31591848016
1239 0.351599414479 -0.937191589617 1.29794260409
1240 -0.356542790534 -0.0688141849065 1.56447845367
1241 0.75877609101 0.0344783757545 1.62059015581
1242 0.454893559485 -0.0560201505068 1.20862928455
1243 0.600685135483 -0.828334987879 1.72029202136
1244 -0.338020601791 0.392169809392 1.61812468829
1245 0.578021115488 -0.117820561443 1.54458624115
1246 0.477578129366 -0.946634760366 0.804230628091
1247 1.06859819766 -0.476824968737 0.947834231893
1248 0.673124932364 0.0311335985484 1.01418876419
1249 0.283913977414 -0.601419242123 1.60607075981
1250 -0.465560366368 -0.592870557589 1.25732481409
1251 0.404744432478 -1.09071741711 1.53987517241
1252 0.71273881404 -0.658004575304 1.18957815136
1253 0.997237729575 -0.503928305661 1.15305616356
1254 0.467997493817 -0.301205609589 1.82859332615
1255 0.736795379404 -0.547703743412 0.726245868449
1256 -0.0705738196218 -0.19818563521 1.56946225734
1257 0.811934007072 -0.524385847977 1.38387633025
1258 0.330628526093 0.0727808008932 1.04162532977
1259 0.925160891948 -0.596117551984 0.82997063372
1260 0.299305923768 -0.990613316784 1.34658877555
1261 0.0328790526444 -1.06261623463 1.64579234627
1262 0.288063072636 -1.24695902491 1.50293956773
1263 0.370262535488 0.00163205182922 1.77258277704
1264 0.467498095267 0.0395848642989 1.08503503159
1265 0.461809306497 -0.777326550588 1.64776733856
1266 -0.268852635965 -0.713652123463 1.07526284097
1267 -0.229865670763 -1.03115758012 1.02240852406
1268 1.04635721401 -0.124897507869 1.53546040101
1269 0.35378508068 -0.383726328224 0.184267496527
1270 0.698519778074 -0.394019858262 1.73276618096
1271 -0.261818263021 -0.821398859598 0.770214487612
1272 0.697416152586 -0.150710862122 1.074860337
1273 0.686606076262 -0.116380912662 1.34593811237
1274 0.313366000058 -0.184545463825 0.811716395567
1275 -0.481292838203 -0.0388842521206 0.44123872997
1276 -0.472479756355 -0.702978813373 1.26020311541
1277 0.250303985679 0.4309210048 0.996455806374
1278 -0.471690700559 -0.954120254625 1.55583578659
1279 -0.3432289991 -0.435806865004 1.81528094079
1280 0.0842520043065 -1.16588045829 1.48487207758
1281 0.264767789147 -1.09805108472 0.741562579746
1282 -0.296089605112 -1.06751336124 1.24014072924
1283 0.0952479231543 -0.539302315493 1.966634033
1284 0.449038920023 -0.54925185555 0.980779287141
1285 0.281554072942 -1.05636258173 1.20749825617
1286 -0.390744190589 -0.756480631623 0.96552342705
1287 0.391220136806 -0.526423180166 0.392110394409
1288 -0.0035304715943 -1.053465328 0.97034651932
1289 0.39819453817 -0.682767224004 1.16135896981
1290 0.464026934082 0.0536052789256 1.00419227343
1291 -0.316119893262 -0.968832033386 0.808585027546
1292 0.911279890993 -0.803126426866 0.897022569281
1293 0.396508974969 -0.943985963931 1.36720945163
1294 -0.0813602796699 -1.03762496331 1.06602930108
1295 -0.313808355307 -0.915473900124 0.988293773146
1296 0.712531183495 -0.816568859911 1.4027938573
1297 0.512431260099 -0.4381172697 0.786833981446
1298 -0.322844883186 -0.514616295668 1.80845039761
1299 -0.159357596856 -0.361941664961 2.11505435014
1300 -0.274570645515 -0.0115150450923 1.31581287372
1301 -0.526334445743 -0.0360112565023 1.58160241534
1302 1.18795370603 -0.510309522151 1.19697578251
1303 0.606614325626 -0.852678833678 1.37430602525
1304 0.251630282654 -1.18443111479 1.04190836681
1305 0.204209218575 -0.471894824479 2.25052021185
1306 -0.36567946435 -0.637511277999 1.46469852295
1307 0.396684478397 -0.646488068069 1.50278567135
1308 0.339780157761 -0.0872724174492 2.0152529195
1309 -0.417618459742 -0.686713584589 0.876871939195
1310 1.05585225751 -0.341660146161 1.01625345267
1311 -0.345219800377 -1.00269442423 1.1412499198
1312 0.219418792667 -0.250497553326 2.13869529332
1313 -0.173256576246 0.320707314074 1.10152701342
1314 0.599892862398 -0.829500984736 1.50532407958
1315 -0.318975436163 -0.861990471562 1.38636538608
1316 0.788645963067 -0.0830096969004 1.90879031135
1317 -0.0709142401451 -1.17770812885 1.35420970629
1318 1.12804796124 -0.513427709175 0.997135001721
1319 1.11382926264 -0.342130958315 1.38792148735
1320 0.31067648537 -0.134112283647 1.75496182168
1321 0.83621469767 -0.565541396715 1.20911219365
1322 -0.710925559045 -0.729499955425 1.29018255469
1323 -0.554502152752 -0.173589519435 1.71508445438
1324 0.748280766014 0.0763074219124 1.82160308608
1325 -0.669750297149 -0.181521526765 0.678337099509
1326 0.140706911238 -0.591532789928 0.412116794728
1327 -0.115010988832 -0.561561942234 1.20318367681
1328 -0.676888044495 -0.138852971017 1.11702085749
1329 0.0121363952328 -0.699907370561 0.842556626953
1330 0.817312593584 -0.313671560351 0.869260107822
1331 -0.263224326307 -0.814500055881 1.14825306379
1332 0.274494741297 -1.13329747988 0.936342132196
1333 0.186594925051 -0.436187309434 1.74343343502
1334 0.592219698254 -0.129984753103 0.842747253118
1335 -0.335121361172 -0.299335003871 0.849398390052
1336 0.416468057516 -1.25249829591 1.18004242278
1337 0.761574990103 -0.738409461796 0.863796798397
1338 0.261566524772 -1.29542893285 1.41324806875
1339 0.116505223665 -0.84201858512 0.677124264854
1340 -0.366695326437 -0.503054802191 1.03267161288
1341 -0.0308292503375 -0.591326456354 1.70981966199
1342 0.359171071203 -0.587630082077 0.318077600424
1343 -0.217707099751 -0.554042440225 1.65749716602
1344 1.09914303844 -0.0854641965669 0.775673818584
1345 0.703935528641 -0.767707376419 0.740454168154
1346 -0.0269803393097 -0.368878227002 1.40039199585
1347 0.997998702763 -0.23808362893 1.79279673232
1348 0.516991353137 -0.351671041639 1.75925506621
1349 0.374627324359 -0.328760244029 1.48813596971
1350 0.740880268904 -0.220676586067 0.683700433554
1351 0.561727964391 -0.35812514101 1.12847521534
1352 0.44312977927 -0.137792695814 0.172264177024
1353 -0.659529181035 -0.853650857054 1.02692370202
1354 0.790163637848 -0.406423584579 1.18467392731
1355 0.402500416409 -0.36931797305 2.18652858526
1356 1.25448357423 -0.256519555236 1.3182814976
1357 0.477768927876 -0.882762295289 1.60985775837
1358 0.0868194356304 -0.906347211886 0.739971975135
1359 0.58690664678 -1.03354594094 1.05636981774
1360 0.176002396987 -0.320935605077 0.178711151167
1361 0.13991124917 -0.932810942814 0.851258206477
1362 0.441244142501 -0.37744110276 1.42376204706
1363 0.222935166974 -1.09904526812 0.666636561462
1364 -0.174563523578 -1.13083915134 1.63235539919
1365 0.550656786905 -0.793391519112 0.980642852302
1366 0.712452249846 -0.939065316267 1.31310646365
1367 0.0989046353451 -0.59958668931 1.75042262685
1368 0.980226817053 0.0654877403043 0.734908254698
1369 0.985592279923 -0.875780300093 1.1750267318
1370 0.416771269805 -0.483234694445 0.902507930152
1371 1.05447814619 -0.820851080392 1.15019489884
1372 0.384361131025 -0.762143747341 2.09070034182
1373 0.218122413325 -0.893931025889 1.83782323172
1374 0.487026398568 -0.88939817457 1.23734908055
1375 0.288416257757 -0.893437742948 1.42950336276
1376 0.00501923764228 -0.693685052847 0.722212636161
1377 0.0401334434064 -1.15577173271 0.995825663996
1378 -0.46754526084 -0.838839047582 1.37071980085
1379 0.921139535575 -0.396348941313 0.696818072556
1380 0.247727060452 -1.3002134026 1.23197446709
1381 0.405886382191 -0.59739323729 0.675818866936
1382 0.796697884891 -0.264170526587 1.30526603273
1383 0.784864502596 -0.788773680907 1.56678591432
1384 0.173357029164 -1.01828638199 0.82190476839
1385 0.0260146903586 -0.818123142852 1.68714366424
1386 -0.144827895001 -1.00066895739 0.823868554702
1387 0.289905262101 -0.335663648095 0.504718913895
1388 0.256052126687 -1.00271093918 1.47203776695
1389 -0.513593255331 -0.203224930821 1.84877812468
1390 -0.380732846952 -1.02904580318 1.3406680589
1391 -0.579207205195 -0.508499703265 1.29939389012
1392 0.283366473268 -0.69042375139 2.16300771379
1393 0.940236237755 -0.731806259454 1.23666813681
1394 -0.0631830986387 -0.998462137809 1.16434968523
1395 -0.186386142297 -1.00319074275 1.16003926453
1396 -0.495138050236 -1.07256326281 1.19179507043
1397 0.44842616667 -0.158270179549 0.748208820049
1398 -0.418445611198 -0.928536534504 0.813761734297
1399 -0.382831388262 -0.488890436595 1.14626542617
1400 0.855921486679 -0.557008954719 1.49911376097
1401 -0.474731586027 -0.82270761296 1.21752090423
1402 -0.29139192043 -0.784353665894 1.63897771668
1403 0.210190669022 -0.749650201687 1.65539751716
1404 0.0719462847252 -0.246484937359 2.00798155195
1405 0.814527259644 -0.567587181518 1.40153883797
1406 -0.629150735771 -0.827407628568 1.41222298911
1407 0.222656492677 0.0240785554073 1.50507990057
1408 -0.169209031417 -0.96346224022 0.864463552546
1409 -0.159160076991 -0.801805124394 1.49823691877
1410 0.682421848986 0.0901756356928 1.85783412734
1411 0.187983045779 -1.0520043549 1.85289627126
1412 0.323004974396 -0.67675310919 2.00167741687
1413 0.741776071607 -0.672287166835 1.54265606765
1414 -0.330906575435 0.243241214241 1.02248293113
1415 -0.190889633 -0.330448559385 2.06135962432
1416 -0.0837939385959 -0.845092405271 1.46112333737
1417 0.0930485494381 -0.657479804316 1.7350672138
1418 -0.164584051864 -0.738887330123 0.504381252511
1419 1.16720285188 -0.171484568112 0.893499156954
1420 0.75208085689 -0.713957646584 1.14122243117
1421 -0.20666378248 -1.09645429737 1.45436333815
1422 -0.623046913718 -0.715108459898 1.15863408346
1423 -0.134051502744 -0.81935296934 1.37219713159
1424 0.755953358615 -0.82783069907 1.68659646066
1425 0.495573809374 -0.152777962471 1.38577091989
1426 0.479420778851 -0.389310384033 1.94101702238
1427 0.550653770846 -0.918699596373 1.3669817262
1428 -0.581099315585 0.0257222950042 1.77927203747
1429 -0.107317334885 -0.24401006519 0.644371132807
1430 0.00809033354322 -0.792824732476 1.86417162139
1431 0.366889343126 -1.30456410842 1.23805652406
1432 -0.0508430668851 0.118062091392 1.52913849048
1433 0.700007565954 -0.889951588999 1.18493699076
1434 -0.760671112234 -0.373127790241 1.22892170213
1435 0.339087952293 -0.619005870456 0.848249231755
1436 0.710898804452 -0.123962042735 0.733294960845
1437 0.978564956718 -0.23627332507 1.14990374557
1438 -0.0840439465459 -1.2189074519 1.1559195667
1439 -0.160230751134 -0.460282236954 1.8407780236
1440 0.839043483462 -0.569111493738 0.737178549087
1441 0.319801662714 -1.17522194546 1.2567991264
1442 -0.261126070751 -0.32632379485 1.45876868011
1443 -0.218475802815 -1.22778393922 1.13661396392
1444 -0.361619907774 -0.192605027383 1.65892916021
1445 0.176007977112 -1.32512275718 1.27682670453
1446 -0.531514130172 -0.0238570210887 0.802189541334
1447 -0.174976360646 -0.949193077153 0.835842006884
1448 0.603234797444 -1.15019870345 0.956736033599
1449 0.951638743307 0.0684061918691 1.21218843377
1450 0.637762652715 -0.426449110016 0.902820564371
1451 0.269833309835 -0.869237053563 0.414009314101
1452 -0.158810229877 0.343740001251 1.66818566705
1453 -0.342061181274 -0.884832767051 1.08145990048
1454 -0.23782515756 -0.974805506518 0.796930600852
1455 1.01109521139 -0.0252471964882 1.13014261625
1456 -0.080947676564 -0.925273547268 1.58463581849
1457 0.128832143639 -0.943721334227 0.514868731618
1458 -0.658539465295 -0.420398517519 1.30635309048
1459 0.351707614796 -0.0815456477854 0.873206678483
1460 0.23769773801 0.0787354314803 1.98370723799
1461 0.513584497821 -0.283712309394 1.96747433649
1462 -0.128544190664 -0.832083666726 0.808676621088
1463 -0.408477936788 -0.735794086391 1.45826853909
1464 1.00909433772 -0.885795426191 1.39550819577
1465 -0.279201570161 -0.805183736638 0.718526898781
1466 -0.293937384785 -0.480534840633 1.01753615177
1467 0.513839580708 -0.95869623574 1.33067280823
1468 0.175070705187 -0.368435730602 0.791793494015
1469 0.516929110079 -0.987081202276 1.71898049969
1470 0.369653769205 -0.89264984274 1.77450468652
1471 0.999349876406 -0.891566329195 1.36619713666
1472 0.206898326803 -0.813631468078 0.376699877635
1473 0.594496745378 -1.05171628738 1.19191342427
1474 0.699384921582 -0.0228503331816 0.749437029503
1475 -0.510461208228 -0.696465624396 1.07779466655
1476 0.480020608663 -0.639849804732 1.8964279478
1477 0.384074017732 -1.03003954782 1.32246431322
1478 0.877081599803 0.295509567225 1.34213496836
1479 -0.145908863482 -0.807006477506 0.769320623569
1480 0.0687768764441 -0.926585907601 0.923168508507
1481 -0.415362135631 -0.169470480334 0.52266489296
1482 -0.579054875348 -0.124858806406 1.24613705442
1483 -0.158683718461 -0.969966039852 1.19575667513
1484 -0.20758882791 -1.19692787389 1.45779038942
1485 0.440003827605 -0.646134966071 0.693353325173
1486 0.109435402688 -1.05763737376 0.812709726565
1487 -0.247326447647 0.110418273972 0.733158546244
1488 0.338333607942 -0.901518828548 0.900573495599
1489 0.356656899035 -1.20084392522 0.915566067235
1490 -0.512335726354 -0.797362136185 1.10910648777
1491 0.551353779756 -0.711338636127 1.71728303466
1492 0.652553534408 -0.471426319424 0.727957318393
1493 0.705484521417 -0.616086631467 0.813256661804
1494 0.428117722032 -1.06410843616 1.49875096444
1495 0.402588609253 -1.25238754198 1.23792369821
1496 -0.256076312272 -0.756684501234 1.3944595547
1497 -0.446071827228 -0.705020233928 1.71659636501
1498 1.24851995641 -0.281703775298 1.23881220474
1499 0.322977221786 -0.795602240673 1.88715718866
1500 -0.00660392877231 -0.659501179925 1.26753314139
1501 0.855087907189 -0.742080509173 0.770835960359
1502 0.88457900169 -0.995915187383 0.848777361528
1503 0.396565068231 -0.570582316321 0.693732092435
1504 -0.647993253646 -0.511007316088 0.644796380807
1505 -0.263768678067 -0.193837475027 1.71082965569
1506 1.19756072056 -0.495239816757 0.996334270585
1507 -0.0311085290089 -0.691157306477 1.2549325297
1508 0.385424674946 -0.932077842289 1.75556955212
1509 0.904911077602 -0.542112573066 0.961199065363
1510 0.34910188305 -0.6106661013 0.631294530179
1511 0.183096983378 -0.804555489828 0.433297810828
1512 0.260529397606 -0.864570586316 1.87772654749
1513 0.0501646690757 -0.439969672259 0.747398321431
1514 0.630483001389 -0.854550430649 0.689358320144
1515 -0.129457271024 -0.553171294679 1.10659637202
1516 -0.10109598131 -0.482417290155 1.13485607964
1517 0.416438059575 -0.782453863945 1.32176654106
1518 0.244414235016 -0.595842298848 2.01859366332
1519 -0.241752022591 -0.261906057273 1.90856840134
1520 -0.215044544852 -0.545502907954 0.36622658613
1521 0.725503333004 -0.806993174104 1.12130576698
1522 0.602231312147 -0.521683780395 1.81024158594
1523 -0.22723907647 -1.06422993987 1.58019779875
1524 0.397394346913 0.0104138404166 1.82825384803
1525 -0.649080643884 -0.320987942213 1.31634852035
1526 -0.318284623764 -0.612089659795 1.48085515786
1527 -0.011763072445 -0.688698859847 1.99958765698
1528 -0.096942251556 -0.670400559253 0.734984096386
1529 0.404271594161 -0.794026724263 1.90283691814
1530 0.839461257832 -0.130679536621 1.5024318062
1531 0.181666899577 -0.607147026524 1.81069089639
1532 -0.22224985248 -1.10336431914 1.49076027465
1533 0.290352290252 -0.910219682365 0.49567311865
1534 -0.235332870729 -1.12085356029 1.33479797001
1535 0.543595566441 -0.79275262787 2.0635636379
1536 0.292231421753 -1.19307718695 0.96186243791
1537 -0.496418633863 -0.636754784181 1.31730167129
1538 0.437507723061 -0.283469162373 0.738958965555
1539 -0.540430930322 -0.904135058955 0.903933749754
1540 -0.305507718578 -0.443579633735 1.23405281323
1541 -0.47042591079 -0.72371680293 1.47881410898
1542 0.111313755818 -1.23127297639 0.954185667931
1543 -0.676007389205 0.0932014213112 0.958468349194
1544 -0.49419760026 -0.140516055351 1.36645995666
1545 -0.290325388143 -0.767804943334 1.10259798935
1546 -0.297819768338 -0.631451106653 1.83625484885
1547 0.503910544784 -0.738351038987 0.568259329204
1548 -0.360259138804 0.069276036101 1.44438475677
1549 -0.264145377279 -0.835152062232 0.783497666636
1550 0.74885774432 -0.0157125426039 1.15706351339
1551 0.690911042246 -1.05411271671 1.48058309328
1552 0.375217777498 -0.535641074338 2.08331286524
1553 0.0884409207153 -1.00538659515 1.02570877029
1554 0.548339755299 -0.161969333193 1.06102929572
1555 -0.185466309463 -0.139851059508 2.11059375607
1556 0.533566526407 -0.568319405041 1.03604069298
1557 0.728595478956 -0.691199896654 1.29230566637
1558 0.494300123578 -1.15487899184 0.80155433499
1559 -0.496742679917 -0.73655553066 1.34866143612
1560 0.802534882153 0.311746221762 1.30621477059
1561 0.0963676790006 -0.952138227667 1.53965492599
1562 0.146447880937 -0.741342286011 1.20678951891
1563 -0.210534570482 -0.889469829162 1.86390333188
1564 -0.316759611953 0.0114787633247 1.93356611923
1565 -0.3692123811 -0.761902319246 0.866875263138
1566 -0.325846402028 -0.262719561242 2.14053916783
1567 0.893901671427 -1.04556191086 1.05334405087
1568 0.63161964468 -0.719525113286 1.61625059105
1569 -0.0500884733143 -0.0982047742537 1.34150762927
1570 -0.0386389439117 -0.267035912326 1.70078173869
1571 0.762259563157 0.164221554705 1.25738968142
1572 0.220783060487 -0.415881143313 1.00160143649
1573 0.684038597744 -0.797429649263 1.06238897037
1574 1.14316288473 -0.430652467836 1.47738686382
1575 0.538240763499 -0.180471249066 1.96855895602
1576 -0.729192565859 -0.212145272984 1.3772490616
1577 0.0701933699649 -1.06486508681 1.44949828605
1578 0.0315759481906 -0.349212578587 1.98387324602
1579 0.350020841331 -0.273994133535 0.619091752128
1580 0.459671163512 -0.286086766925 1.28103085397
1581 -0.358573357109 -0.56713768495 0.807008027007
1582 -0.0983070291366 -0.858657310286 1.69418825986
1583 -0.431965354429 -0.747380062272 1.17508727357
1584 0.690243563705 -0.583490515823 1.80364119668
1585 0.281766013597 -0.538773815149 1.32149617302
1586 0.0309302606575 -1.2571607061 1.04621161565
1587 1.15341299932 -0.323142837741 1.22726075258
1588 0.194657816081 -1.23634067747 1.49323586612
1589 -0.11788823467 -1.1659425524 0.751851382556
1590 0.0674631560774 -0.585847424858 0.638391491593
1591 0.197220456291 -0.652102345979 1.62056167041
1592 0.813987790048 -0.0612047109965 1.23950457106
1593 0.850622623586 -0.510528087608 1.56593626088
1594 -0.185397240073 -0.470255733082 0.900029657373
1595 0.217433054261 -0.847443239538 1.1860093666
1596 0.284776656211 -0.353319840011 1.61511172886
1597 0.721889000991 -0.569231605789 1.15168527123
1598 -0.17481792552 -0.998926609054 0.512649754567
1599 0.455759643086 -0.566077348135 1.31504961075
1600 0.67192081535 -0.411731515649 1.88534461934
1601 0.676820467353 -0.196511980906 0.726153917243
1602 -0.272372275604 -0.854369851128 1.15047272519
1603 0.934972746011 -0.149948523654 1.27625795922
1604 0.272265800223 -1.06346655313 1.09006137806
1605 -0.427462679937 -0.923289771144 1.60187641628
1606 0.0340913730949 -0.543563103089 2.00264115511
1607 0.93022413694 -0.876467046329 0.841378399399
1608 0.0320732102788 -1.06456831309 0.792805148449
1609 -0.340715443597 -0.765037004631 1.40951315697
1610 0.294773516008 -0.681593260782 1.42252270091
1611 0.394951602689 -1.11308119754 0.794305880208
1612 0.713841657548 -0.766747055645 0.977253835414
1613 0.020933852704 -0.629038772108 0.691640786308
1614 -0.0676982075116 -0.853214564415 0.437145410574
1615 0.777531840357 -0.0647473906796 0.673537859745
1616 0.752341580327 -0.939782755672 1.24993626594
1617 -0.102012023396 -0.652191274498 0.919247647286
1618 0.272754655529 -0.0123986975011 1.51632158755
1619 0.853854251024 -1.0023159602 1.39564401953
1620 0.416702202889 -1.02740594633 0.663365733341
1621 -0.121417497404 -0.914155401517 1.17415583521
1622 0.43149882621 -0.913960309246 0.778579788193
1623 0.251111550374 -1.28588003044 1.01622735926
1624 -0.221669639874 -0.420168225846 0.51946664966
1625 0.0784265231257 -1.03132878255 1.43646068162
1626 0.216907140948 -1.26941524546 1.24156253352
1627 1.08113172597 -0.395888223902 1.59604044744
1628 0.924398731689 -0.19105535322 1.09076464346
1629 -0.542990178944 -0.585646124142 0.55421891675
1630 0.839434101635 -0.728844149241 0.871072759391
1631 0.563532809293 -0.757240360282 0.619502143729
1632 -0.0170061469603 0.361300646851 1.31622208481
1633 0.139040398363 -0.769965650727 1.38286186051
1634 0.388718118917 -0.713730390953 1.74371184602
1635 -0.378970011895 0.0524826504114 0.453274002794
1636 1.01679987587 0.0477992356135 1.02302548009
1637 0.812422122465 -0.578412433818 1.35065243003
1638 0.260318670503 -1.32616897725 1.06976329239
1639 -0.0707402200559 -0.491162794426 1.16981579412
1640 -0.18897122423 -0.441735854332 0.90097400158
1641 0.0629673294329 -1.26280342502 1.06692201216
1642 0.225521228671 -1.26813377105 1.38747118473
1643 -0.0874248683711 -0.555695403895 1.61548715826
1644 -0.607406139012 -0.54949605133 1.20635087749
1645 0.897256817611 -0.391188653189 0.883674287844
1646 0.926999313413 -0.313704760691 1.90430466878
1647 1.07799770187 -0.120673445345 1.03577360392
1648 -0.0875152065871 -0.724592207811 2.01649749227
1649 0.695257687922 -0.749789944428 1.23260401916
1650 0.649967387595 -0.672116578141 1.70792580263
1651 -0.53976977971 -0.712144852398 1.05167838792
1652 0.358847740834 -0.712292644946 1.23593549691
1653 -0.00715467163198 0.288107570713 1.53284048063
1654 0.227278092248 -1.27062757685 1.4685441297
1655 0.556645154781 -0.469760372531 0.856444963768
1656 0.816058500658 -0.80948683831 0.862405323114
1657 -0.1296489738 -0.790654435839 1.25773089916
1658 -0.403523780913 0.314607353585 1.0957279994
1659 -0.0948276690333 -1.14323724825 0.988961387613
1660 0.0138095754378 -0.26534744694 0.527523617655
1661 -0.0836412670088 0.114953053932 2.04967011405
1662 0.687777196572 0.071095338054 0.749639581745
1663 0.516608639328 0.0643842840507 1.08092767036
1664 0.082335768875 -0.905859934931 1.94684235271
1665 -0.361400521147 0.0733183770705 0.881028904073
1666 1.11447330661 -0.654808740373 1.47485527075
1667 -0.0845887517303 -1.18095065543 1.18874951208
1668 -0.0317440065053 -0.528666944359 0.283250864315
1669 0.411110165594 -0.240746637408 0.307274075802
1670 0.340670019396 -1.19656289567 0.79118197989
1671 0.0182288837656 -0.95407395736 0.493968222677
1672 0.479156614662 0.275291400951 1.82805326331
1673 -0.482930214794 -0.171990094462 0.810431891316
1674 0.171377159485 -1.15383919651 0.740740492668
1675 0.376609582078 -0.980571230829 0.577266430191
1676 1.12272833568 -0.472625893809 1.42981357653
1677 0.688568261077 0.0854182857095 1.27757242405
1678 0.363399245704 -0.669128376674 0.59737373374
1679 -0.00193115190099 0.0439911157756 1.51468763409
1680 0.442766357348 -0.752371300063 1.9076244099
1681 1.07586321812 -0.786539484589 1.42123178683
1682 0.286002810496 0.0688579494693 1.49876299986
1683 0.893680605969 -0.454888576047 0.731718221067
1684 0.12482365767 -0.715312695781 1.81670494925
1685 -0.360371522923 -0.137030734321 0.587188353782
1686 0.595514760605 -0.408986705493 1.11477402542
1687 0.102528803548 -1.04982359567 1.91071697554
1688 0.579712098987 -0.453281859681 0.968612351545
1689 0.717573765474 -1.02729383454 1.5122018528
1690 -0.14539713488 -0.171870239332 1.50297541331
1691 0.0913176808596 -1.09425101808 1.38863175851
1692 -0.552035949903 -0.415849352082 1.25303423553
1693 -0.269613453623 -0.71590698913 1.77871388207
1694 0.0664889729262 -0.975571941005 1.39201547097
1695 0.25335870669 -0.674192354072 1.79869355079
1696 -0.29022281019 -0.367742465323 0.700943993549
1697 -0.485096375239 -0.569074469262 1.10947786197
1698 0.457711386345 -1.23079381775 0.9698438991
1699 -0.429240640011 -0.393215617658 0.883458477786
1700 0.861631663008 -0.257549948727 0.775655057212
1701 -0.502276488668 -0.369199677265 1.50769139017
1702 0.500882195882 -0.818229831158 1.4736162946
1703 0.0420513127342 -1.10799883422 1.19271808837
1704 0.70162615944 -0.822287712919 1.16988653568
1705 0.262176364381 -0.338179207826 1.78529201775
1706 1.03987338625 0.023989495107 1.67518067412
1707 0.697059750874 -0.69076731792 0.797942340001
1708 -0.160066883716 -0.508655866143 1.99132571748
1709 -0.552440025421 -0.856656348162 0.955166781949
1710 -0.283385955883 -0.0815569764109 1.73218833608
1711 -0.344753183594 -0.757645101353 0.630756330253
1712 -0.0765017758724 -0.506878099049 1.50518052515
1713 0.45266170078 -0.900560054087 1.37099582164
1714 -0.042319197564 0.00777106209136 2.06694577374
1715 0.146407869975 -0.867429538294 1.15423156621
1716 0.0916760795623 -0.904659306228 2.0270997924
1717 0.723175822695 0.062121572751 0.727530756106
1718 0.901549256368 -0.421597269143 1.50939645426
1719 -0.281958204381 -1.17721569768 1.20908018015
1720 -0.523041116211 -0.59936628655 0.863432736114
1721 -0.259194756889 -0.402438291571 0.907922741201
1722 0.962311049568 -0.127885113129 1.02508599886
1723 0.99841853583 0.111548411143 1.59121362238
1724 -0.637582550029 -0.859410669433 1.2240336744
1725 0.397057705841 -0.465762576164 1.66697374888
1726 0.275180940344 -0.65027954104 1.51901939098
1727 1.09079154067 -0.309692655818 0.896172097112
1728 0.781043495867 -1.09313001899 1.21573527983
1729 0.598266964053 -0.712044652962 2.04345258573
1730 -0.256707395965 -0.149537926332 1.91208246207
1731 0.53477967248 -0.17536791214 1.42995389491
1732 0.295053418452 -0.890959135862 1.54067858488
1733 0.387560994834 -0.774405871847 0.645190930599
1734 -0.477866921008 -0.591875321309 1.2196489625
1735 0.0529985893743 -0.302869505566 1.9943749179
1736 0.332100764122 -0.836384232929 0.77484049812
1737 -0.489049213468 -0.646706917041 0.97766199963
1738 0.195846239961 -1.06526125691 1.16426723574
1739 0.214104282647 -0.468135851954 0.491808366508
1740 0.713299674254 -0.723615483786 1.17265051831
1741 0.65553982258 0.0974876440264 1.59134566286
1742 0.169340794139 0.0498649131869 1.89561914483
1743 0.353602128538 0.0820962763968 2.15356292835
1744 -0.321207651536 -0.628427199905 1.57543993451
1745 0.689751561877 -1.15252328488 1.48670764428
1746 0.409631820235 -0.276096246274 1.25872383938
1747 -0.83411524396 -0.223911170568 0.980287739036
1748 0.804282386272 -0.214262826995 0.717117845996
1749 0.0812630583246 0.0282686542099 1.67382370708
1750 0.102527967281 -1.09217063192 0.983016243809
1751 -0.536968490001 -0.494298057912 1.32950220355
1752 0.580339994902 -0.702341675385 1.6631614741
1753 0.310289880499 -0.474583002566 1.87745167072
1754 1.10382303405 -0.762716404629 0.933780726026
1755 0.322755732335 -0.692514562897 0.368387579163
1756 0.20935069813 -1.25473016404 0.83558827998
1757 -0.13981666345 -0.467823521174 1.73243484588
1758 0.334596813254 -0.406047046038 0.540949896507
1759 -0.0195639686028 -0.350856771995 0.363222087697
1760 0.979326630455 -0.267758389771 0.933725592661
1761 0.278241939089 0.0145666551499 1.77750972299
1762 -0.464087966433 -0.657731258361 0.753073752112
1763 0.11769430169 -1.01133855766 1.1029126072
1764 0.637232094332 -0.950706835718 1.5438489505
1765 -0.0702912212396 0.00832934640449 2.16347052401
1766 -0.436055374862 -0.89560080513 0.746900681033
1767 0.732097233488 -0.171279109083 1.18327266556
1768 0.800163839307 0.100276955914 1.40893252586
1769 0.168866110003 -0.0683172031656 2.15590388399
1770 -0.363357629089 0.0718737342194 1.97561644633
1771 -0.474773424565 -0.483461027914 1.13242396561
1772 0.144245347772 -1.06517847847 1.64301399928
1773 -0.68673041276 -0.427919568257 0.893979302576
1774 1.02940609289 -0.266050702506 1.6289987004
1775 0.459191985675 -0.91235933568 0.573095663219
1776 0.797651206538 -0.49837232707 1.25255949826
1777 0.470119075857 -1.01399160149 0.868600729539
1778 0.294594560147 -0.724228502993 1.88216510724
1779 -0.329514733121 -0.875552074366 0.947345753221
1780 0.0762747838551 -1.04598684478 1.45661979525
1781 -0.397095327476 -0.0750647055578 1.11719665495
1782 -0.188983710796 -1.01411877649 1.79230992686
1783 0.327988247314 -0.595477632252 0.984472606713
1784 0.50904333188 -0.695703443812 2.0163216433
1785 0.655535970592 -1.03929962487 0.917239445566
1786 0.077334670624 0.192102842628 2.04771822352
1787 0.468438540896 -1.0682605097 1.59447903314
1788 0.441129435076 -0.438179196985 1.65458022513
1789 0.103468155205 -1.15754591865 1.69136114164
1790 -0.411952342753 -0.270745313941 1.68558129971
1791 0.604718823624 -0.982614677437 0.675403876026
1792 1.07553536435 -0.326399702717 1.10214846591
1793 -0.0356851572012 -0.863593651833 1.8181403117
1794 0.621017626557 0.226406673434 1.07388629663
1795 0.0446493098965 0.154119607507 1.86151702994
1796 0.424147694095 -0.932605867519 1.18020310996
1797 0.0962165966636 -0.665220457308 1.81857341149
1798 0.649725139733 -0.847178208585 1.44666381915
1799 -0.202380272583 -0.632631787302 1.83322465936
1800 0.109638177104 -1.08083748066 0.856357583251
1801 -0.133141346494 -0.283390300066 0.696208256094
1802 -0.556776173271 -0.463418334169 1.13271510743
1803 -0.012095198665 -0.200744171294 1.42035755461
1804 0.610827389207 0.103427963624 1.27359768003
1805 0.402429899972 -0.959368341668 1.44153769519
1806 -0.268095271533 -0.319663438123 1.95859476143
1807 -0.421960506308 -0.689253626375 0.811058728748
1808 -0.238963420007 -1.07061675942 1.07286234446
1809 -0.594075645539 -0.684266303329 1.49624987272
1810 0.0167829287454 0.273338337371 1.60406396133
1811 0.641492321064 -0.864305686923 1.21588092136
1812 -0.228913403362 -0.184087361764 1.0059079646
1813 -0.0561841798453 0.1567642784 2.00331341009
1814 -0.230243953578 -1.15253868553 1.19325662255
1815 -0.337541789599 0.148205019566 1.34897656296
1816 -0.116789530693 -0.212458575853 0.666511880568
1817 0.292599911313 -0.133208079758 0.62957903955
1818 -0.25583432242 -0.934276534617 1.32140502412
1819 -0.493887076645 -0.25881454115 1.77034452047
1820 -0.574093282646 -0.87396881342 0.920910615601
1821 1.05067219567 -0.807401217873 1.21675175191
1822 0.483498798377 -0.815541851598 0.583236046535
1823 0.076751216393 -0.119699086696 1.96292759388
1824 1.02269754858 0.0254227881366 1.27451054657
1825 -0.703902583728 -0.206173606116 0.870643477675
1826 0.442244842421 -0.514411048797 0.792921208452
1827 -0.0112423709052 0.399826943417 1.06148027959
1828 0.669377995794 0.0853443904001 1.76574793657
1829 -0.261709195191 -0.738764410919 0.540500536893
1830 -0.126379941615 -0.0482021603833 1.41898950008
1831 0.950020433485 -0.475092109228 1.38767893219
1832 -0.412639611992 -0.877704231922 1.47281220641
1833 0.646964243431 -0.981078852495 1.20270766868
1834 1.21323056841 -0.412210885203 1.29004758825
1835 0.239123241476 -0.450521642118 1.8462816266
1836 0.0740051209414 -1.02214160398 1.51005809744
1837 -0.306410954855 -0.420633534707 1.19525928114
1838 0.475122963253 -0.678624974304 2.05665356389
1839 -0.321504834765 -1.10567318162 1.28439395113
1840 -0.604365666947 -0.488558899787 1.28588819194
1841 -0.111851636634 -0.926648886479 1.55728473203
1842 0.217188480361 -1.15907316822 0.817216563408
1843 0.807642383968 -0.794882420727 0.893698180287
1844 -0.0815535218357 -0.198618783839 0.736229059266
1845 0.47638828877 -1.02453176011 1.63369241598
1846 0.0440288058748 -1.02848972007 0.72608140048
1847 -0.0454169771874 -1.21410807807 1.43000210957
1848 0.18803839447 -0.466321493168 2.08099228752
1849 -0.380385621687 -0.741391455856 0.835039898338
1850 -0.378226685143 -0.145426506044 1.24343541974
1851 0.436511986149 -0.755752415706 1.81301455001
1852 0.204230514593 -1.03501635666 1.48600462748
1853 0.799201645529 -0.772699720528 1.48730085087
1854 -0.243846052986 -0.647020544635 1.82083882998
1855 0.24609111514 -0.771034149846 1.08917608515
1856 0.814104669468 -0.726475306355 1.80703474908
1857 -0.641873490812 -0.895952730876 1.31152621742
1858 -0.288321655813 -0.238833000525 0.511131034633
1859 0.00211858939392 -1.18142679385 1.1806412496
1860 0.434527547419 -0.763052021689 1.69571221577
1861 -0.139687684089 -0.332248382718 0.565721879941
1862 0.340779634223 -0.801775393414 0.78010696567
1863 0.634550371214 -0.631320883747 1.23572176607
1864 1.12495498463 -0.46376624997 0.906904630282
1865 0.269428401169 0.434461336746 1.38530111599
1866 -0.446577932518 -1.0053976744 1.10389982532
1867 0.594277722229 -0.516307898447 2.10776253041
1868 -0.420177023998 -0.272514412017 1.60298613777
1869 -0.165551270036 -0.675991373914 1.71159728775
1870 0.42048074395 -0.550256688124 1.91035306978
1871 1.09807546778 -0.399647972177 1.31799502889
1872 -0.077547560021 -0.614699059092 0.64004047783
1873 0.401435586419 -0.709788754162 1.86020593115
1874 -0.352242166588 -1.06826545807 1.13371070241
1875 0.562106588721 -0.550457026621 0.713989605735
1876 0.408472669413 -0.0507273755925 1.03048796577
1877 0.847848464122 -0.441574052594 1.46117324916
1878 -0.0254387198014 -0.915757387195 0.849315146146
1879 0.327388072529 -0.950308081233 0.623227543419
1880 -0.246207395727 -0.384528297517 0.792824466718
1881 -0.0455312851141 -1.00014619734 0.684216508282
1882 0.569973882478 -0.728424286582 1.17910517252
1883 1.17390746905 -0.278515262289 1.1281411653
1884 -0.261691699569 -0.258764040707 1.92918189251
1885 0.646032013815 -1.04851189262 1.31455396632
1886 -0.109414177142 -0.967182374018 1.44915519367
1887 0.34661727026 -0.975126828227 1.20223195115
1888 0.563668232651 0.0858645385518 0.875578957246
1889 0.335755828867 0.170959289574 1.65615887856
1890 -0.0642792595145 -0.814906490382 0.746703146802
1891 0.130052163421 -0.434970173357 1.75603859528
1892 -0.0330293026421 -0.915523067679 0.959945953437
1893 0.905522987348 -0.586224224384 0.739422983542
1894 0.192802867067 0.099421850745 1.79333979706
1895 0.551359043352 -0.871960303689 0.882517645688
1896 0.374233561338 -0.432953702699 0.840632433494
1897 -0.17498765139 -0.720599215461 0.618589692153
1898 0.736326600272 -0.64855312675 0.855039080261
1899 0.410895739675 -0.929870457744 1.74452421891
1900 0.54662169594 0.0647576539508 1.32023883923
1901 -0.403350541662 -0.289849748406 0.747896288726
1902 0.374678747756 -1.24149736374 1.05031734412
1903 -0.239954722438 -0.713397222467 1.84859879633
1904 0.71656345018 -0.464340782876 1.69630067311
1905 0.392125817527 0.289059498381 1.06551802153
1906 -0.124223640228 -0.339438839325 2.17470171159
1907 0.351279683027 -0.29290378751 1.66400840989
1908 0.251770467661 -0.977027793537 0.557002848342
1909 0.151428574453 -0.497379829374 1.91947312216
1910 0.433438788256 -0.45633145076 0.800422763726
1911 0.153057283834 -0.196163671702 1.51029566298
1912 0.31469571768 0.23432095589 1.66808591842
1913 -0.35679206613 -0.577112804532 0.962432630551
1914 0.497160410401 -1.19695699978 0.80886270638
1915 0.296126745831 -1.0242456309 1.90925404287
1916 -0.242224229013 -0.778595570401 1.79645701435
1917 -0.000549479276109 -0.595715828494 1.82973914827
1918 -0.418027522127 -0.747048684397 1.06428172565
1919 0.712503086393 -0.69714630833 1.97359186457
1920 0.583221465006 -1.08530198898 1.35694828317
1921 0.693394305209 -0.191418420712 1.25640889879
1922 -0.397227169708 -0.626024648776 1.08509756836
1923 0.595656416421 -0.789573745165 0.689070100038
1924 0.139988912153 -1.000732438 1.31112342848
1925 -0.0416254477674 -0.903798980993 1.82114349584
1926 -0.0832650608526 -0.315828513114 0.87733167477
1927 0.50250191815 -1.14220211579 1.465423285
1928 0.611800402105 -1.13190278855 1.33847960259
1929 -0.320219729515 -1.11963652987 1.33334697374
1930 -0.338717152456 -0.0547744505989 0.584968676269
1931 0.377746729647 -1.26281755707 1.13166455359
1932 -0.628048204721 0.0719606645661 1.59206571524
1933 -0.349948572365 -0.355120436515 0.970752355441
1934 0.481230647271 -0.183764265497 1.69949116178
1935 -0.0353083264723 -1.15034482311 1.40960197648
1936 0.439716392586 -1.22125862943 1.35714061582
1937 0.249913444562 -1.2521043489 1.33386968854
1938 0.846012726739 -0.692089878897 0.963403135239
1939 -0.543334294058 -0.187478127556 1.33722977933
1940 0.658932391041 -0.783306765907 1.57957602191
1941 0.272774516845 -0.764403620325 1.71451717095
1942 0.869406449423 -0.943838911801 1.19829736343
1943 0.579904854494 -1.04719991674 0.8604227365
1944 0.220404487758 -0.734131639497 1.93376673614
1945 0.290094641134 -1.27620180674 1.09550426416
1946 0.998740208982 -0.237602064979 0.697294739301
1947 0.466648858538 -1.02146769641 0.940663045256
1948 0.248140307559 -0.961694105572 0.69647287314
1949 -0.250128416889 -0.5278761577 0.79347379253
1950 -0.290797082629 0.0577888396286 1.26983031552
1951 -0.594354907673 0.0775433640869 0.834497234649
1952 1.07105348734 -0.443750713576 1.3299147437
1953 -0.647338000786 -0.684881050258 0.950587401207
1954 0.465518788239 -0.208783425488 1.48539260236
1955 -0.571804295476 -0.694081464246 1.46625162475
1956 -0.287669707257 -0.708489635148 0.70734532281
1957 -0.118451588112 -0.749457095849 1.22477015604
1958 -0.339591282724 0.0667018205888 1.53964930124
1959 0.230455968606 -0.253925536505 0.30085524681
1960 0.25806367748 -0.463362337216 1.88808592283
1961 1.07146324615 -0.111968765553 1.21361932191
1962 0.0483066394653 -0.513396566662 1.74403860398
1963 0.555621236647 -0.639979751728 1.25112511401
1964 0.204238021043 -0.182370408284 1.67254107801
1965 -0.176747474843 -0.277830594198 0.430963903071
1966 -0.48290477298 -0.697635476565 1.733462063
1967 0.839988142442 -0.0617123816147 0.98210770347
1968 -0.276292066639 -0.767281914706 1.59966932422
1969 -0.587819792831 -0.333172178879 1.06903807825
1970 -0.502131643065 -0.215361928604 1.21046661284
1971 0.878893893151 -0.161868527156 0.931017194347
1972 0.0622781401316 -0.223618165468 1.99479157045
1973 0.317120035982 -0.76743672051 1.02609135636
1974 0.107415978465 -0.198709175933 1.88823444921
1975 0.688480865379 -1.10007447344 1.32391520886
1976 0.263799957018 -0.684027323379 1.66632137894
1977 -0.186087089536 -0.916924643377 0.85242413825
1978 -0.321511623152 -0.113697833369 0.311041668738
1979 0.460128181994 -0.261229336629 1.36027378912
1980 1.00251165803 -0.853784048162 1.18594286534
1981 -0.370750931598 -0.403020159466 0.842462952423
1982 -0.301134442531 -0.992960960623 0.859452577032
1983 0.868797514526 -0.819571002481 1.06422695896
1984 0.675518169102 -0.98416959164 1.28828781928
1985 0.591526978231 -0.823913713875 0.446880967464
1986 0.572258863248 -0.967913829559 1.37085070639
1987 -0.225138653138 -0.861958563102 1.40561967696
1988 0.536679539293 -0.956218212084 1.4002630616
1989 0.0608064302972 -0.82836556271 1.33107905844
1990 -0.0626590324911 0.0260127360178 1.79672871569
1991 -0.0800220702588 -0.474183776906 1.93851060092
1992 0.187286442297 -0.732378128055 0.497689545144
1993 1.18208539764 -0.0572247822963 1.45747375276
1994 0.273366968881 -0.189098896231 2.24675107995
1995 0.320083023423 -0.859744713194 0.473712475869
1996 0.0365422378075 -0.275887724192 0.844110803492
1997 -0.284855217362 -0.975542690015 0.936705782959
1998 0.688000083979 -0.856194277233 0.850110892512
1999 -0.397564719196 -0.726667835255 1.42196765906
