0 -2.54 -0.1 -1.01 0.31 -2.54 -0.51 -3.05
1 2.5 -0.2 -1.62 0.36 -2.27 0.69 0.24
2 2.73 1.44 -2.65 -1.85 -0.3 1.45 2.49
3 -0.79 -0.99 1.59 1.91 0.01 -0.46 -0.03
4 -1.19 0.3 -0.55 -1.18 2.31 -0.35 1.87
5 2.57 -1.72 -1.83 1.56 -1.34 1.08 0.74
6 2.16 -1.69 2.76 -0.67 1.06 1.67 -2.6
7 -1.01 -0.85 -1.93 -0.05 -2.96 0.24 -1.58
8 2.63 0.09 0.99 -0.8 1.5 0.43 0.45
9 2.55 1.27 -1.87 1.85 -0.79 0.31 -1.59
10 2.46 1.64 2.14 -1.95 0.4 1.12 1.74
11 -0.12 0.43 -1.48 1.02 0.99 -0.7 1.08
12 -1.15 1.3 -1.56 -2.1 -1.17 -1.11 0.02
13 -2.03 0.1 1.2 -0.75 -1.56 0.07 0.26
14 0.15 -1.46 1.41 -0.72 -2.34 1.2 2.76
15 0.49 -1.36 0.95 0.67 0.76 -0.97 -1.86
16 2.22 1.5 -2.29 1.27 1.82 1.65 1.49
17 0.04 1.58 2.11 -1.08 -0.62 -1.41 -1.6
18 0.74 0.28 2.93 0.35 -2.02 -1.13 1.56
19 -1.14 -0.35 0.88 -1.59 -1.39 -1.38 1.79
20 0.76 -0.88 -2.92 -2.21 -2.07 1.76 -0.02
21 -1.04 -1.4 -1.83 -1.36 1.76 1.7 -1.1
22 -1.03 1.31 0.81 1.86 1.61 -1.05 -3.11
23 0.11 -0.84 1.72 1.08 1.85 -0.97 0.6
24 2.99 -0.26 1.35 -0.95 -1.36 -0.65 -2.54
25 -2.77 -1.9 0.48 0.72 2.99 1.24 -2.53
26 -1.6 0.99 1.68 -2.25 -3.08 0.67 0.32
27 -0.85 -1.24 2.35 0.45 2.06 -1.55 -0.25
28 1.54 1.59 0.65 0.43 -0.25 -1.82 2.36
29 1.08 -1.26 2.59 1.47 -2.85 0.06 -1.18
30 -0.54 0.8 -1.28 -0.79 -1.54 -1.68 -2.03
31 0.46 -0.42 0.17 0.76 -1.69 0.88 0.08
32 1.37 -0.6 -2.83 1.93 -2.87 0.4 0.46
33 0.44 0.77 0.7 -0.35 1.92 -1.83 2.6
34 -2.49 -1.05 -1.34 1.03 1.72 1.68 0.1
35 -0.16 -0.19 0.53 -1.77 1.46 1.37 -2.77
36 -0.1 -1.22 -2.28 1.84 2.15 -0.06 2.8
37 -2.93 -1.17 1.99 0.77 2.87 1.29 0.81
38 1.16 -0.79 -1.93 -2.16 -2.27 0.84 0.42
39 -2.62 0.36 1.74 1.13 -0.47 0.28 -2.17
40 -2.58 -1.89 -0.44 1.1 -1.52 -1.25 -0.47
41 0.63 -1.31 1.88 1.25 -1.04 -1.09 0.38
42 0.88 -0.81 -2.56 -2.21 -2.1 -1.41 -1.2
43 -2.78 0.45 -2.87 0.5 -1.24 1.86 2.65
44 2.75 -1.37 2.57 1.4 2.17 -0.43 -2.9
45 2.07 1.24 -0.45 -0.57 -1.72 -0.5 0.86
46 -2.01 -0.89 -2.92 -1.8 -0.59 0.15 2.18
47 1.44 -1.9 -2.54 -0.79 -0.97 1.31 1.75
48 -1.35 0.2 2.08 -2.11 -2.84 0.64 1.3
49 -0.03 1.89 2.07 -1.47 -3.05 -1.34 0.68
50 2.89 -0.45 -1.87 -1.15 -0.74 0.69 -2.18
51 2.12 -0.83 -1.42 2.08 -0.79 -0.1 1.77
52 -2.97 -0.85 2.14 1.55 -1.41 -0.19 1.87
53 -3.08 0.88 2.75 0.19 0.08 -0.47 1.94
54 -3.04 1.72 2.66 -0.98 -0.84 -0.78 0.9
55 -0.8 -1.22 -1.14 -0.98 -2.81 0.57 0.27
56 -1.03 0.62 -1.3 1.8 -0.28 1.84 -1.61
57 2.4 -0.34 -0.29 -2.01 -2.66 0.3 -1.86
58 -0.75 1.49 -0.89 0.18 0.48 1.83 -2.99
59 -2.07 0.88 -0.17 0.33 1.76 -1.23 2.99
60 0.83 -0.86 0.91 0.9 -2.58 1.7 2.46
61 2.08 0.54 1.16 1.0 -1.64 0.2 1.99
62 -2.42 -0.69 2.24 2.19 -2.79 1.81 1.29
63 -0.29 1.15 1.11 0.93 1.17 0.48 2.9
64 -0.27 0.3 -1.91 -0.56 2.58 1.34 2.95
65 1.5 -1.57 2.94 0.61 -0.23 -1.07 2.17
66 1.52 -0.71 -0.95 -1.29 -1.11 -1.09 0.41
67 1.4 0.73 -0.3 0.05 -2.95 -0.27 -0.33
68 -1.22 0.09 0.57 1.98 3.0 0.79 2.28
69 -2.82 1.34 0.42 -0.06 2.72 -1.2 -0.55
70 -2.67 0.48 1.09 -1.1 -1.8 1.26 2.97
71 2.79 -1.3 1.85 0.41 -2.37 -0.99 -0.69
72 1.91 1.14 1.14 1.91 -0.59 0.63 1.27
73 -0.62 1.08 -0.89 1.09 -0.42 1.1 0.93
74 2.16 1.44 -2.11 -1.8 -2.5 0.22 -2.35
75 -1.85 0.08 2.29 -1.58 -2.83 -0.34 2.61
76 2.77 0.09 -2.17 -1.81 -0.18 0.99 1.96
77 -0.6 -1.49 -1.13 -1.48 2.44 1.36 2.35
78 -2.42 0.61 -1.07 -1.87 -2.63 -0.83 2.32
79 2.32 0.32 1.19 -2.1 3.01 0.4 0.13
80 -0.65 1.04 -0.12 -1.72 2.72 -1.61 0.07
81 0.03 1.41 1.89 -2.22 -2.94 1.69 1.36
82 -2.63 0.88 2.85 0.86 -2.7 0.44 -1.32
83 1.87 0.34 -2.46 -1.03 -1.21 1.1 -1.55
84 2.31 -0.21 -0.12 1.95 -1.66 0.87 1.47
85 2.66 -0.12 1.73 -2.12 0.36 -0.09 0.9
86 -2.34 -0.58 1.17 0.8 -2.96 -0.96 0.81
87 -0.6 -0.94 1.23 -0.42 2.75 -0.58 -0.85
88 0.96 -0.96 1.05 -0.95 2.23 -1.76 2.28
89 0.78 -0.56 2.11 1.98 2.24 1.31 -1.6
90 0.48 -1.1 0.99 1.44 2.42 1.82 0.35
91 0.8 -1.02 0.01 2.15 -1.55 -0.3 -2.42
92 0.64 -0.62 2.21 -0.71 2.23 0.34 -0.11
93 -2.95 -1.06 -1.77 0.5 -1.92 -1.12 -0.82
94 1.88 0.95 0.55 -0.98 -2.41 1.23 -2.67
95 1.73 0.24 -2.77 1.81 -2.8 0.83 -2.16
96 -2.19 -0.67 2.95 2.21 -1.7 -1.45 3.0
97 -0.62 -1.2 -2.6 -1.82 1.57 -1.35 -1.23
98 -2.0 -1.33 2.08 1.01 -1.29 1.47 -2.81
99 -1.11 1.03 -1.61 -0.99 2.24 -0.41 -1.13
100 2.28 1.77 -1.78 -2.21 -1.36 1.36 -2.82
101 -0.19 0.03 2.1 1.09 -0.71 -1.34 -1.63
102 0.99 -1.27 -1.72 -0.0 0.11 -0.21 -1.36
103 2.6 0.63 0.29 -0.98 -1.63 0.37 -0.92
104 1.81 1.12 -2.34 0.11 -0.05 -0.09 1.59
105 -2.69 0.05 -2.35 -1.04 1.87 0.25 -2.52
106 -0.74 -1.7 1.51 0.79 2.3 -1.88 -2.19
107 2.26 0.83 0.17 0.26 -2.76 -0.48 0.06
108 -1.65 0.05 -0.48 2.05 0.07 -0.76 2.71
109 2.39 -0.68 -0.47 -0.44 -1.94 0.26 0.64
110 -1.12 0.04 -2.14 -0.7 1.23 1.44 -0.66
111 -0.77 1.61 0.64 -1.93 0.79 0.47 2.69
112 1.38 -1.72 -1.84 1.23 1.19 0.31 -2.39
113 1.86 -0.8 2.82 -0.72 -2.14 -0.86 0.08
114 0.39 -1.67 1.42 -0.99 -1.54 0.34 2.7
115 -0.37 0.54 -1.53 1.99 -2.99 0.38 -2.46
116 1.14 -1.74 0.9 0.74 -0.82 0.91 -0.35
117 -0.97 0.97 1.28 -0.26 2.12 -1.67 -1.82
118 -1.98 -0.52 -2.24 -1.88 2.71 0.64 0.27
119 0.75 -0.6 1.3 -0.44 0.8 0.07 0.4
120 2.15 -1.55 1.01 1.19 0.31 -1.48 -1.79
121 2.57 0.29 -2.89 -1.27 0.63 -1.2 0.18
122 -0.79 -0.27 1.46 -0.19 1.77 -1.71 -1.26
123 2.36 -0.97 2.09 -0.3 2.21 -1.41 1.58
124 -1.29 -0.52 -1.03 1.66 3.01 -1.56 2.56
125 -2.92 -0.6 -1.11 -1.34 1.54 -1.13 1.14
126 2.03 -1.52 -2.1 0.37 -0.47 1.08 -1.38
127 -1.12 0.84 1.55 1.34 -0.12 0.84 -3.02
128 1.89 -0.59 -1.19 0.57 -1.23 -1.38 -2.42
129 -2.87 0.69 -1.64 0.19 -0.39 -0.69 -2.6
130 1.51 0.15 -2.52 -1.3 -0.95 1.5 0.37
131 0.05 -0.45 -2.05 -1.83 -2.93 -1.66 -0.63
132 0.18 1.44 1.85 0.01 -1.55 -1.87 2.61
133 2.61 -0.04 -1.81 -2.24 -0.11 1.89 1.22
134 -0.61 -0.89 -2.39 0.8 1.68 -1.65 -0.72
135 -0.24 -1.42 -0.27 1.51 -2.29 0.88 0.99
136 1.06 0.39 2.17 1.14 2.57 1.36 -1.47
137 -0.62 1.58 -2.06 -0.25 3.12 -0.69 1.88
138 -2.58 -1.08 -2.74 2.28 2.35 1.73 -1.05
139 -0.5 0.86 0.61 0.77 -0.54 -1.33 -2.3
140 2.37 -1.5 2.93 0.54 -0.48 -0.68 3.03
141 1.73 1.44 0.0 -0.01 -0.36 1.46 0.66
142 -2.11 1.83 0.08 -0.86 2.15 0.06 -2.47
143 2.43 1.31 -2.3 0.64 -1.07 -0.72 1.53
144 0.56 0.45 0.34 -0.62 1.12 -1.2 -0.57
145 2.8 0.66 -0.88 -0.59 -0.07 0.12 1.63
146 -0.53 -0.93 -2.46 0.92 2.1 1.63 0.78
147 0.11 0.75 -2.66 -1.54 -2.46 0.19 1.99
148 -0.26 0.54 -0.34 -0.35 -1.42 -0.65 -2.36
149 -0.53 -1.76 1.48 -2.34 1.47 1.19 -2.39
150 -1.29 0.1 1.66 -2.08 -2.0 -1.27 -0.54
151 2.38 -1.23 -0.17 0.38 -1.11 -1.77 -1.62
152 2.76 1.38 -0.17 2.1 -1.08 -0.66 0.2
153 0.31 -0.71 -0.18 -2.04 0.97 -0.28 2.86
154 1.24 -1.3 -1.22 -1.84 -2.76 0.75 0.57
155 -1.1 -0.29 -1.39 0.7 0.58 -0.03 1.97
156 0.17 -0.35 1.4 0.12 -2.74 0.64 -3.11
157 0.41 -0.13 1.34 -1.71 0.39 -0.49 -0.85
158 2.31 -0.05 -1.21 -0.63 -2.76 -0.62 0.57
159 -2.69 0.84 0.41 -0.87 1.09 1.21 1.31
160 0.95 -0.05 -1.78 -0.04 0.64 0.73 -2.38
161 -1.75 0.73 -0.95 -0.09 -0.36 -0.04 -0.54
162 2.52 -1.35 -2.44 -0.09 2.9 0.82 -0.65
163 0.6 0.91 -2.93 -0.03 1.05 0.09 2.78
164 0.01 -1.34 -2.52 -1.24 -1.04 -0.52 1.57
165 -1.05 -1.49 2.68 2.06 -0.93 1.16 3.13
166 -1.41 -0.6 -2.77 0.65 2.99 0.4 0.39
167 -0.9 -1.61 0.6 -0.83 -0.38 1.18 0.69
168 -3.07 1.2 -2.21 1.23 1.69 -1.24 2.45
169 0.71 0.46 -1.85 2.19 1.75 0.82 -2.16
170 -0.35 0.84 0.65 -2.36 0.41 0.4 0.15
171 0.89 1.9 -1.72 -0.78 1.02 0.88 -2.89
172 2.17 1.27 0.85 -1.49 2.96 1.75 -0.63
173 1.28 1.73 0.05 -1.18 -0.65 0.65 -2.16
174 -0.24 -0.31 1.36 -0.32 -2.21 1.1 1.29
175 -0.42 1.06 1.8 -1.1 1.2 1.73 -2.19
176 -1.56 1.78 -0.9 0.94 0.36 -0.42 -1.94
177 -2.7 -1.55 -2.32 2.3 2.33 -1.6 1.85
178 -1.84 -0.01 0.98 -1.92 2.91 1.72 2.79
179 0.29 -1.04 1.88 -0.06 0.95 -0.79 0.95
180 0.94 0.17 -0.01 1.71 1.15 0.45 2.52
181 -0.16 0.61 -1.95 0.02 -2.67 -1.23 -1.42
182 1.35 -0.54 -2.64 -0.31 1.64 1.49 1.09
183 -2.14 -0.75 -2.94 0.43 -2.98 1.18 2.32
184 0.07 1.39 -0.21 -2.17 1.75 -0.69 -1.3
185 -1.72 1.57 1.07 -1.45 1.81 -0.23 2.05
186 -0.3 -1.11 2.04 -0.95 -1.07 0.17 2.25
187 -1.53 0.27 -1.81 -0.69 0.52 0.58 0.04
188 -1.15 -1.62 0.29 -0.21 1.53 0.1 2.26
189 -2.52 -0.09 -0.7 0.47 1.25 1.48 -2.33
190 -0.55 -0.89 0.11 1.35 -1.65 -1.1 3.02
191 2.05 1.35 0.87 0.58 -1.58 0.66 1.57
192 1.83 -1.43 -1.04 -0.5 1.91 -0.39 1.74
193 -2.49 1.76 -0.13 2.27 -1.72 -1.39 -3.08
194 1.24 -0.25 0.59 -1.08 -1.32 1.27 2.39
195 1.93 1.57 1.44 0.08 0.39 -1.55 2.36
196 -2.95 -1.67 -0.11 1.79 2.16 -0.42 3.09
197 2.28 -0.57 -0.82 1.44 -0.91 -1.83 -2.91
198 1.94 -1.49 2.43 -1.3 -1.62 -0.99 -2.57
199 -1.1 0.45 2.57 -0.22 -2.44 1.06 1.75
200 0.14 -0.92 -0.84 0.15 2.76 -1.53 0.34
201 1.48 0.79 -1.84 0.95 2.68 -1.6 -1.27
202 1.76 -0.58 -1.78 1.04 -2.27 -1.89 -0.38
203 -2.06 1.37 -1.0 -0.76 -1.63 0.25 2.94
204 1.61 -1.12 -1.75 -0.51 0.31 0.58 1.0
205 -2.59 1.58 -2.79 1.53 1.07 1.69 -1.68
206 2.93 1.63 1.08 2.09 1.7 -1.41 0.21
207 -0.64 -0.52 -0.78 1.59 -0.55 0.52 0.61
208 2.91 0.54 -0.86 0.6 0.11 0.46 -2.77
209 -0.29 1.17 2.44 -1.14 1.04 -0.01 2.68
210 -0.67 -0.83 1.1 1.9 2.65 1.4 -0.15
211 -1.26 -0.62 -1.34 2.1 -2.06 -0.35 -0.88
212 -0.85 1.85 -0.75 1.43 0.33 -0.74 1.05
213 2.58 -0.48 0.97 0.69 -0.68 -0.93 -0.45
214 -0.81 1.39 2.2 1.25 -0.07 -1.79 2.98
215 -1.2 -1.1 1.7 -2.04 2.23 1.58 1.32
216 -0.67 1.53 1.41 -2.13 -1.29 -0.77 1.86
217 -1.31 0.41 -0.37 1.8 2.72 0.53 1.16
218 -0.76 0.97 -1.32 0.76 -0.14 -0.84 0.36
219 0.05 -0.49 1.77 1.69 1.44 -0.56 -2.05
220 0.58 0.02 -0.04 -0.15 -2.54 0.46 -2.45
221 0.04 -1.28 -2.66 -0.05 1.6 -0.25 0.22
222 2.56 -0.73 2.61 -0.97 -2.14 0.85 -2.37
223 0.34 0.34 1.73 1.01 -0.07 -0.91 0.8
224 0.73 -0.92 0.41 1.38 -0.28 -1.84 -0.47
225 1.03 0.7 -0.89 0.86 0.64 -1.3 -0.45
226 2.47 -0.36 -1.3 1.93 0.53 1.79 2.89
227 2.56 -0.66 0.54 -0.44 1.35 0.3 -1.19
228 0.12 0.61 -1.51 -0.85 2.61 -1.45 2.87
229 -1.29 -1.28 1.94 -2.06 -2.28 -0.22 1.65
230 1.75 0.43 1.61 -0.76 2.82 -0.49 1.9
231 -0.21 1.58 1.03 -0.43 -3.04 -1.46 1.63
232 3.07 1.31 -0.57 -0.69 2.15 0.53 -1.43
233 -1.31 -0.45 0.14 0.22 -2.91 -0.77 0.07
234 -2.33 -1.35 2.78 -1.99 1.64 0.3 -2.0
235 2.19 0.5 -2.02 -1.16 -1.42 1.8 0.37
236 0.39 -1.6 -1.8 -1.63 1.87 1.27 1.13
237 -1.04 0.64 0.93 -2.25 2.41 0.63 -0.43
238 -1.31 -0.64 -0.61 1.56 -1.98 0.31 -1.52
239 0.25 -0.84 2.3 -1.34 -1.68 -0.36 1.65
240 -3.1 0.92 1.03 1.34 2.75 -1.82 -0.08
241 -2.19 1.41 0.03 -0.18 1.24 1.78 -0.73
242 -1.49 1.13 -2.61 1.39 -1.91 1.13 -1.4
243 2.52 0.81 -1.6 -0.97 -1.37 0.35 -1.38
244 -2.42 0.19 -0.47 -0.13 -3.03 -0.13 1.22
245 -3.02 0.11 -2.05 1.85 1.0 -0.6 -0.36
246 0.46 -1.8 0.34 -0.46 1.48 1.02 0.58
247 -0.49 -1.38 -2.72 1.69 2.36 0.8 2.72
248 3.02 -0.3 -2.88 0.97 0.4 1.22 -3.12
249 2.47 1.83 -0.0 -0.99 0.64 -0.27 2.93
250 2.02 0.83 1.32 2.16 -0.07 0.42 2.43
251 0.83 -0.83 -2.24 -1.85 -0.44 0.79 1.4
252 1.79 0.72 -2.4 0.29 3.04 -1.59 0.82
253 -1.25 0.28 0.4 1.75 -0.11 0.83 -1.41
254 -2.22 1.39 1.62 1.64 -1.78 -0.96 -2.94
255 -0.37 1.62 -1.48 0.39 1.63 -0.95 0.84
256 1.23 0.19 -2.12 -1.93 0.84 -1.1 1.76
257 -0.72 -0.95 1.81 -0.17 -2.32 -0.62 2.65
258 -0.98 1.46 -0.76 -1.95 -0.06 -0.29 -1.0
259 -2.15 1.49 0.4 -1.9 1.7 1.19 1.87
260 -0.74 -1.61 -2.59 -1.54 -0.37 -1.75 -2.71
261 -0.53 1.15 0.08 2.12 2.39 -0.99 -1.84
262 2.73 -1.26 0.61 -1.93 0.65 1.81 -1.66
263 2.04 1.4 2.0 -1.44 2.03 1.15 0.56
264 -2.26 0.31 0.9 -1.52 -2.95 -0.53 -3.02
265 0.62 0.63 1.94 -1.83 1.5 -0.68 -1.14
266 -1.39 0.25 -1.87 -1.34 -2.95 -0.47 0.39
267 -2.09 -1.02 -0.39 1.7 1.72 1.31 1.29
268 -2.79 1.39 -2.45 1.65 -0.07 0.95 2.17
269 2.74 -1.79 1.77 1.9 2.82 -0.57 -1.06
270 0.28 -1.64 0.17 -0.11 1.59 -1.26 -1.54
271 -1.65 -0.47 0.11 -0.64 -0.72 -0.33 -2.41
272 -0.98 1.29 -0.62 -0.93 2.03 1.48 2.79
273 -1.48 1.04 -2.87 0.97 1.82 1.2 -0.26
274 -2.23 1.31 -1.91 1.33 -2.45 -1.31 1.81
275 0.35 -0.46 0.65 -1.54 2.97 1.4 1.74
276 2.01 1.07 -0.13 1.61 0.14 -1.83 0.58
277 0.67 1.89 -1.0 -1.86 -0.48 0.53 0.13
278 -1.74 -1.51 -0.54 -2.04 -0.54 0.72 2.51
279 -3.12 0.2 -2.84 0.16 -2.0 1.21 -2.28
280 -1.95 1.14 0.57 0.17 1.49 -1.64 2.16
281 -1.64 -1.11 0.09 -1.85 0.46 0.84 2.84
282 0.43 1.2 0.33 -1.64 1.38 0.99 -2.43
283 -2.0 0.06 1.75 -1.63 0.74 -0.74 1.59
284 2.25 0.06 1.71 -1.34 -0.44 -1.59 2.69
285 2.49 1.2 1.86 0.7 -2.84 1.84 1.65
286 1.45 0.11 1.38 0.28 3.13 -1.11 -0.12
287 -0.71 -0.51 0.42 -0.34 0.61 -0.68 -2.99
288 -1.77 -1.06 2.54 -0.18 2.76 -1.74 -0.44
289 3.05 -0.44 0.17 -1.6 1.31 -1.78 0.23
290 -1.24 1.06 -2.3 -1.23 -2.99 0.77 -1.94
291 1.21 -0.99 1.56 -0.65 0.59 -0.59 1.82
292 2.71 0.36 2.89 -1.88 -0.33 0.68 2.57
293 1.84 0.51 2.08 -0.56 -0.48 1.46 0.52
294 0.23 -1.03 2.18 0.49 2.55 0.77 -1.08
295 1.34 -0.43 -2.53 0.62 0.97 -0.69 1.62
296 1.33 -0.09 -1.39 1.36 -0.54 -0.36 -2.39
297 0.6 -0.91 1.21 0.69 0.52 0.48 2.41
298 1.36 -0.94 1.33 0.58 1.28 -1.84 -2.79
299 0.99 -0.54 -1.86 0.6 1.91 0.72 -0.9
300 -2.19 1.74 2.05 -1.02 1.59 0.45 1.72
301 -1.89 -1.3 2.48 1.28 1.45 0.74 -2.93
302 -0.83 -1.57 2.47 0.64 -0.84 -0.77 2.44
303 -0.53 -0.18 1.82 -1.2 -0.85 0.11 -2.32
304 -1.43 0.13 1.6 -0.51 2.4 0.99 -0.9
305 -1.38 -0.89 0.96 0.08 -1.63 1.36 -1.55
306 2.57 -0.07 -0.28 -0.99 -2.27 0.23 -1.11
307 0.9 -1.27 2.12 1.75 0.87 1.73 -0.66
308 -2.03 -0.7 2.45 0.34 -3.01 -1.35 -0.1
309 0.31 1.6 -0.41 0.05 -1.62 0.55 0.84
310 0.01 0.06 -1.81 -0.78 0.61 -1.73 0.53
311 -2.17 1.77 -0.3 -0.45 1.22 1.76 1.58
312 2.31 0.41 0.13 -0.52 -1.17 0.55 -1.25
313 1.38 0.22 -0.51 -0.32 -1.03 -0.84 -0.71
314 -1.84 0.86 -2.89 -0.15 0.55 1.42 -0.53
315 -0.85 1.41 -2.94 0.64 -2.25 1.21 -1.18
316 2.8 1.49 0.2 -0.82 -0.38 -0.67 -2.72
317 -2.9 -1.83 -0.96 -0.17 1.06 0.64 1.34
318 -2.53 0.71 -0.88 1.99 -0.92 1.61 -0.73
319 1.85 -0.53 0.23 -0.73 0.07 -1.28 1.39
320 1.24 -1.9 -1.74 -1.83 0.95 -0.95 -0.55
321 2.63 0.64 0.6 -2.22 1.68 -1.25 -1.16
322 0.65 0.03 -2.51 -2.15 -2.93 0.96 1.98
323 0.2 1.72 0.87 2.32 -2.53 0.32 -2.06
324 -2.95 0.86 -0.38 0.35 -3.12 -1.37 -2.5
325 -1.3 -1.04 -0.98 1.65 -0.03 0.12 1.74
326 0.33 0.74 2.38 -1.38 1.35 -1.65 -3.06
327 1.6 1.24 1.58 -2.22 2.37 0.78 0.97
328 -3.08 0.85 0.39 -1.08 1.86 -0.57 -0.02
329 -1.97 -1.17 2.77 -2.01 -1.13 -0.87 -0.01
330 1.88 0.44 -0.44 -1.09 1.75 -1.88 0.3
331 2.65 0.67 1.26 -1.57 0.21 -1.67 -0.96
332 2.17 -0.52 0.62 -1.95 2.91 1.17 -1.76
333 -0.12 1.78 -0.72 -0.6 -0.56 -0.94 0.56
334 0.65 -0.19 -2.38 -0.9 1.05 0.66 3.03
335 -1.21 -1.01 2.01 0.99 -1.29 -0.62 -3.07
336 1.08 0.89 -2.13 1.15 2.39 -1.61 -1.63
337 -0.48 0.15 -2.8 0.96 -3.02 1.83 -2.82
338 -1.27 1.35 2.5 -1.71 1.3 -0.01 -2.81
339 2.35 0.53 2.63 0.53 -2.8 1.74 1.33
340 1.15 -1.84 -0.93 -2.01 2.64 0.36 -2.5
341 -1.09 -0.16 1.04 -1.92 2.43 1.06 -0.92
342 1.5 1.31 2.89 -1.19 0.4 -1.58 0.66
343 -0.22 1.33 0.68 -1.08 -2.74 0.5 1.96
344 2.23 1.01 0.02 1.21 -0.42 -1.76 1.43
345 -2.17 1.29 -1.03 -0.96 -0.66 0.58 1.65
346 -2.74 1.55 -2.62 2.13 0.06 -0.53 -2.99
347 -1.99 0.32 -1.36 0.64 1.64 -0.57 2.96
348 -0.96 -0.75 -0.25 -0.02 -2.52 -0.67 -2.71
349 0.39 0.85 1.34 0.32 -0.57 -1.06 -2.72
350 -2.56 -0.72 1.93 1.77 -0.67 -1.41 2.76
351 -0.62 0.89 -1.15 -1.88 -3.05 -1.05 -0.68
352 1.28 1.48 2.2 1.54 2.59 -1.81 -2.3
353 1.9 0.55 -2.56 -2.1 -2.27 1.74 0.91
354 0.29 -1.12 -1.28 0.98 -1.88 -0.22 -1.25
355 0.15 1.76 1.99 1.55 -3.1 -0.6 -0.24
356 2.64 1.64 2.25 -2.08 -2.22 -0.11 -0.45
357 -3.03 -1.04 2.2 0.65 2.35 1.27 -1.97
358 -0.29 0.09 1.98 -2.31 -0.16 -0.95 -2.44
359 -2.32 -0.02 1.84 -1.19 0.83 1.83 -2.46
360 -1.49 0.08 2.67 -0.9 -2.2 -1.46 1.72
361 -0.44 0.46 0.42 1.43 -0.37 -0.55 2.89
362 -1.41 1.77 0.14 -1.44 2.36 0.48 2.33
363 2.38 -1.73 0.93 -2.33 0.03 0.79 3.09
364 -0.23 -0.71 -0.02 1.97 2.0 0.14 2.25
365 2.26 -1.14 0.92 1.02 0.69 0.77 2.01
366 1.48 -1.68 2.72 -1.6 1.3 -1.71 -1.51
367 -0.17 0.31 0.43 -0.63 0.55 -0.56 1.05
368 1.92 -1.17 -0.24 0.82 0.09 0.1 2.78
369 -2.87 -0.93 -0.23 -2.15 2.54 1.89 -2.7
370 1.24 1.11 1.3 1.82 0.68 0.3 -0.99
371 -1.63 -1.04 -0.72 -1.61 0.64 -0.86 -2.84
372 -2.03 -0.2 -1.41 -1.79 -1.9 -1.08 -2.08
373 -1.8 1.7 0.2 1.01 1.13 1.65 0.95
374 2.26 0.59 2.6 1.67 1.13 0.14 -0.57
375 1.07 0.65 -2.9 0.41 1.47 0.17 3.07
376 1.31 0.19 -1.74 0.53 -1.66 0.47 -1.39
377 3.1 0.21 1.64 1.97 -1.81 -0.61 -1.74
378 0.42 0.31 0.25 1.78 0.69 -0.55 1.6
379 1.61 1.24 1.96 -1.92 1.41 0.08 -0.59
380 1.95 -1.16 0.53 1.36 2.48 -0.06 -2.67
381 1.92 -0.25 -0.83 1.26 2.1 -1.61 -2.22
382 -2.5 -1.19 0.85 1.3 1.56 -1.82 -0.33
383 -2.91 0.61 -2.62 -1.23 -2.51 -0.55 -1.32
384 -0.09 0.75 0.22 1.89 2.77 0.39 0.84
385 3.03 0.78 2.87 1.32 1.44 -0.85 0.54
386 1.8 -0.88 2.16 -2.2 -0.8 1.77 -1.86
387 0.43 0.07 -0.17 -0.45 0.36 1.32 1.83
388 1.07 1.76 2.9 1.18 3.01 1.4 0.32
389 -2.43 -1.83 0.8 0.88 -2.99 -0.67 -0.29
390 -0.49 0.06 0.73 0.35 -1.08 1.09 -0.22
391 -2.37 -0.12 -1.23 -1.98 -2.35 -0.78 1.03
392 0.78 -1.76 -2.78 0.15 -2.85 -1.76 0.0
393 -1.45 -1.05 -0.84 0.5 -2.65 -0.08 2.16
394 -0.07 -1.27 1.13 1.77 -1.58 -0.26 -2.25
395 -1.05 1.09 0.92 -0.6 0.92 1.84 -2.39
396 -1.03 -0.03 0.85 0.83 1.49 1.5 -2.74
397 2.61 -0.72 2.82 -1.54 -2.1 1.66 -0.38
398 0.49 1.76 -0.17 0.31 -0.26 1.37 1.89
399 3.12 -0.13 2.23 -0.71 2.81 0.66 1.76
400 -0.04 -0.0 1.77 0.99 2.95 -0.4 -2.12
401 -2.28 -1.17 -1.14 -2.01 2.91 1.8 -2.07
402 2.82 0.59 0.17 2.15 2.92 0.54 1.43
403 0.6 0.11 -2.66 -1.99 1.22 0.67 -0.21
404 2.73 0.68 -0.99 -1.4 1.82 0.13 2.77
405 1.91 -0.63 1.48 -1.91 -2.86 -1.3 -0.04
406 1.95 -0.89 -2.2 2.36 3.1 0.31 2.12
407 1.49 0.94 1.12 -0.64 -3.0 0.64 0.72
408 -2.72 -0.4 -0.31 -1.67 -0.1 -0.27 -0.67
409 0.47 -0.3 0.3 -1.19 -3.06 -1.24 1.88
410 -2.03 0.52 -0.44 0.73 -1.96 1.02 -2.4
411 -3.11 0.64 0.87 1.3 -0.98 -1.4 -2.08
412 -2.79 0.64 0.61 -2.17 0.53 1.46 -2.76
413 0.61 0.78 0.83 0.4 -2.05 -1.85 0.55
414 -0.74 1.03 0.03 -1.56 2.78 -0.14 2.8
415 -0.27 -0.79 -2.36 1.8 1.07 1.4 2.67
416 -2.56 0.85 1.05 -2.27 -1.72 0.08 1.4
417 -2.31 1.0 -0.34 1.37 -2.1 1.47 0.86
418 0.95 0.15 -0.83 1.22 1.91 -0.36 0.34
419 0.68 1.16 -2.4 -0.35 -1.5 0.18 -1.5
420 0.81 0.61 2.85 -0.21 -0.77 -0.61 -0.32
421 2.72 -1.09 -2.21 2.3 1.02 -0.68 -0.85
422 2.58 -1.41 -0.94 0.12 -1.91 -0.38 -3.08
423 -2.49 0.97 -1.2 0.72 2.83 0.75 -1.87
424 0.15 -0.38 -2.39 -1.15 -1.58 0.67 3.05
425 -2.4 1.07 2.24 1.52 2.74 -0.47 1.13
426 -1.04 -1.08 0.14 -1.37 0.0 0.64 2.37
427 1.06 -0.31 1.61 -0.35 1.75 0.6 1.54
428 0.01 -0.38 -2.72 -2.05 -1.33 1.68 -1.22
429 3.08 -0.36 1.1 1.26 2.36 0.65 1.3
430 -2.34 0.13 0.42 1.04 0.84 -0.83 -2.69
431 -1.47 1.35 0.98 1.42 -2.66 -0.73 -2.47
432 -0.1 -0.19 -2.05 -0.85 2.08 0.75 1.2
433 2.66 -1.16 -1.34 1.99 2.53 0.88 -2.64
434 2.97 -1.34 -0.42 -0.36 -0.25 -0.25 1.89
435 -0.91 -1.74 0.42 0.41 -2.53 -1.02 -2.0
436 2.24 1.78 -0.15 -0.37 0.93 0.41 1.97
437 -0.55 0.79 -2.72 -0.55 -2.34 1.18 -0.25
438 2.86 0.94 0.91 2.19 -0.67 -0.17 2.66
439 2.58 1.24 -1.5 -0.22 1.22 -0.69 -2.83
440 2.71 -1.16 1.12 1.68 -3.06 0.78 2.29
441 1.58 -1.35 -0.26 -2.19 -2.16 1.53 -0.26
442 0.91 0.59 2.57 -1.74 2.04 1.47 -2.57
443 -2.78 -1.65 -2.13 1.63 -2.56 1.31 0.24
444 3.05 -0.47 -0.88 -1.73 -2.36 -1.7 0.14
445 -2.86 -1.26 1.78 1.7 -1.99 -0.59 1.42
446 -1.0 1.03 0.11 2.22 -2.43 1.03 0.77
447 -0.16 -0.29 1.26 -1.23 -1.14 -0.28 -1.96
448 -0.95 -1.26 -1.64 0.03 1.91 1.46 1.27
449 2.6 -1.49 2.1 -0.76 3.08 -0.15 1.17
450 0.62 0.66 1.02 0.67 -0.31 -0.17 1.44
451 -1.25 -0.64 -2.52 -0.22 -0.26 1.9 -1.8
452 2.57 -1.4 -2.49 -2.24 2.92 -1.49 -2.42
453 0.56 -0.56 2.41 -0.03 1.13 -0.68 -1.51
454 -1.85 0.85 -1.85 0.93 -2.37 -0.89 -3.09
455 -1.7 -1.8 -0.07 -1.59 0.74 0.65 -0.66
456 0.02 0.18 0.55 0.08 2.56 0.82 2.74
457 2.96 -0.21 1.37 0.64 2.99 -1.09 -2.84
458 -0.06 -1.35 -1.06 0.94 -1.27 -0.59 -1.77
459 -1.1 -1.26 -1.96 -1.15 -1.03 0.78 0.81
460 2.58 0.56 2.33 -0.99 -3.0 0.35 -1.65
461 -1.9 -0.44 0.37 -1.12 -0.94 0.56 2.32
462 0.17 0.18 -2.57 1.62 3.05 -0.39 -2.2
463 -2.76 -1.03 -0.59 -0.64 0.38 0.35 -2.87
464 -2.0 0.97 -2.36 -1.42 -1.85 -1.74 2.29
465 -2.86 -1.55 -0.73 1.87 -0.43 -0.46 -2.89
466 -0.15 1.31 -1.89 -0.5 -1.29 0.16 2.45
467 0.09 0.91 -0.04 -2.21 2.0 1.79 2.87
468 1.33 1.41 -0.38 1.74 -2.94 1.46 -2.01
469 -1.21 0.18 0.14 -1.91 -2.72 -1.46 2.03
470 1.83 0.29 2.3 0.13 0.36 1.47 -2.94
471 -1.61 1.1 2.34 -0.77 2.35 0.36 0.49
472 -2.66 -0.32 0.54 -1.81 -1.4 -0.05 1.99
473 3.06 1.01 2.55 -2.08 0.32 0.76 1.7
474 1.43 -0.04 -1.77 1.69 1.05 1.22 -2.97
475 -0.94 -1.28 1.56 -0.37 -2.79 1.67 -2.09
476 1.63 -1.38 -2.15 -0.2 2.38 -0.32 1.11
477 2.49 -1.36 0.53 0.48 -2.49 1.4 1.17
478 0.69 1.73 1.95 -2.03 -2.74 1.35 -1.6
479 -1.11 0.12 -0.65 -2.01 2.7 1.6 -0.84
480 -2.82 0.29 -1.05 0.99 1.8 -0.27 0.73
481 0.32 1.57 -2.91 0.66 -2.41 0.11 1.66
482 -1.41 1.85 0.24 0.46 2.44 1.49 -0.57
483 1.88 -0.7 -0.75 1.75 -1.27 -1.46 -2.02
484 -1.26 -0.07 2.35 -1.66 3.09 0.05 -1.98
485 0.07 0.08 -2.33 -2.08 1.36 -1.42 -2.86
486 1.3 -0.31 -2.45 1.18 -1.66 0.34 0.84
487 -2.69 1.58 -2.03 1.52 0.13 1.69 -2.39
488 -1.94 0.45 -2.35 0.26 -2.76 0.13 -2.45
489 0.67 0.33 -1.6 2.36 -2.22 0.75 -0.94
490 -1.35 -0.14 -0.14 0.91 -0.76 1.74 1.17
491 -2.76 1.5 -2.52 0.52 2.53 0.44 -0.66
492 -1.81 1.41 2.16 2.24 -2.55 -0.95 2.04
493 -2.7 -1.23 1.04 0.26 3.03 -0.69 2.81
494 1.38 0.02 -0.87 1.15 0.31 -0.56 2.95
495 0.44 -1.6 -0.27 0.38 0.39 -1.47 -2.23
496 0.4 0.26 0.29 0.4 -0.95 -0.6 0.36
497 0.03 -0.25 1.71 -1.9 2.0 0.18 -2.74
498 2.93 -1.27 1.84 0.47 -0.55 1.49 -1.96
499 0.88 -0.9 1.68 -0.68 -2.32 0.08 -1.35
500 -0.48 -0.99 -1.73 -0.69 -0.06 -1.26 -2.86
501 2.73 0.19 -0.02 -0.55 1.89 -0.75 -0.44
502 2.98 -0.14 1.39 -2.24 -0.96 -0.74 2.12
503 1.13 -1.04 1.77 1.01 -2.43 -0.55 -0.74
504 -1.95 -0.03 0.39 0.03 -1.05 -0.03 0.65
505 -2.65 0.08 -1.56 1.48 2.82 1.83 -1.12
506 3.07 1.78 0.36 -1.74 1.69 0.4 2.83
507 -0.73 -0.51 2.54 -1.99 1.82 1.9 -2.37
508 0.22 1.13 2.38 1.2 1.38 0.4 -1.59
509 -2.26 -0.04 -1.17 -0.46 -2.03 0.22 1.53
510 -2.8 -1.05 -1.24 2.2 -1.26 -0.71 -2.42
511 -3.1 0.52 1.44 1.11 -2.95 0.96 -0.8
512 -0.96 1.7 -0.53 0.05 -1.96 1.59 -3.01
513 2.16 -1.53 -2.72 -1.4 -0.94 1.27 0.82
514 -2.82 0.7 0.12 1.77 2.53 0.04 0.62
515 2.8 0.86 1.3 0.73 3.11 1.31 -1.66
516 -2.81 1.59 0.45 0.75 -0.68 -0.33 0.9
517 -0.53 -0.49 0.3 -0.46 0.74 -1.25 -2.33
518 -2.44 0.89 -2.33 -1.75 2.5 1.83 1.48
519 -1.09 0.57 -0.03 -1.73 -0.94 -0.96 2.76
520 1.6 0.1 1.28 1.74 1.6 1.84 -0.97
521 -2.59 0.21 -0.13 0.79 -1.54 -1.23 -0.67
522 0.51 -0.93 1.18 -0.12 -1.79 0.91 1.02
523 2.5 1.33 -0.58 1.43 -1.39 -1.0 0.18
524 3.1 0.83 -1.33 1.42 2.97 0.3 0.31
525 -0.62 -1.15 2.84 1.72 -1.7 0.82 -2.71
526 2.06 1.13 -1.48 -1.48 1.4 0.67 -1.88
527 -0.27 0.35 2.67 1.35 2.51 1.09 -0.46
528 2.24 0.12 -0.59 -0.56 1.0 0.36 -3.02
529 1.45 0.86 0.72 0.95 -1.02 0.12 0.37
530 0.67 -0.67 -2.7 -1.15 -2.86 -0.63 -1.27
531 1.38 0.78 0.77 2.08 -2.32 0.84 1.82
532 0.83 -1.89 0.51 0.26 0.35 1.59 -0.78
533 1.3 -1.3 1.38 0.49 -0.23 1.43 -0.28
534 3.08 -1.35 -1.21 1.73 -2.59 1.88 -0.29
535 0.01 0.82 1.06 0.52 -0.94 1.61 -3.01
536 1.4 1.42 -2.58 -1.71 2.94 -0.56 2.8
537 -2.47 -0.24 1.9 -2.36 2.85 -0.08 2.98
538 -0.58 1.64 -0.13 0.85 2.22 -0.93 2.51
539 2.31 0.51 -0.07 -1.52 0.43 -0.18 1.95
540 -3.01 1.0 -0.71 1.19 0.1 1.43 1.71
541 0.06 0.6 2.67 -0.35 -0.02 0.13 -0.48
542 -0.14 0.71 -0.5 1.49 2.11 1.31 -1.65
543 1.97 0.44 -2.56 -1.94 1.09 0.87 -0.36
544 0.43 1.57 1.95 -2.18 0.44 0.82 2.56
545 -2.19 1.21 -1.38 -2.0 -2.96 -1.28 -3.07
546 2.64 0.26 0.39 1.35 1.46 0.39 0.78
547 1.09 -0.56 -1.55 -1.3 -0.0 1.73 1.57
548 -2.23 -1.73 0.35 1.2 1.45 0.02 0.58
549 2.49 -1.6 -1.39 -1.06 2.69 -0.4 -0.76
550 -2.03 0.47 -2.57 2.22 -1.47 1.3 1.3
551 1.62 -0.78 -2.92 -0.89 -0.23 0.45 -3.04
552 2.56 0.44 -1.65 -1.28 -1.0 0.41 -2.8
553 0.85 -1.06 -0.79 -1.78 -0.74 -1.62 0.08
554 2.82 0.19 -1.18 0.08 2.74 -1.15 -2.23
555 1.73 -1.27 2.88 1.52 -0.8 0.03 2.82
556 0.2 -0.28 0.82 -1.85 0.98 1.78 -1.57
557 -1.6 0.42 -0.71 2.1 -3.12 -0.69 0.48
558 -2.93 1.78 2.69 -0.53 0.28 0.59 -2.59
559 2.42 -0.38 -1.12 -1.58 2.74 -1.63 1.58
560 2.02 1.02 -0.97 0.42 2.55 -0.27 0.64
561 0.7 0.3 2.17 1.21 1.1 0.61 2.59
562 -1.3 1.33 -2.88 -1.14 -2.12 1.9 -1.96
563 -1.21 -1.24 1.2 -1.1 -2.82 1.88 -0.15
564 -0.91 -0.98 1.18 -0.03 1.26 1.39 -1.27
565 -1.09 1.11 -1.26 0.91 1.82 1.81 -1.49
566 2.97 -1.68 -0.74 -0.82 -1.56 -0.09 -2.31
567 -2.2 -0.47 1.6 0.45 2.59 0.83 3.08
568 -2.36 0.09 2.59 -1.0 2.64 -1.7 -2.14
569 -1.51 0.51 0.23 1.31 1.53 0.99 2.43
570 0.05 0.25 0.65 -2.06 1.69 -0.29 2.96
571 -1.68 1.25 -0.39 0.92 -1.84 -0.7 -1.97
572 0.54 1.37 -2.63 -0.99 -1.26 0.7 0.41
573 1.31 0.52 0.71 -1.53 2.19 -0.67 -1.31
574 1.18 -0.75 2.88 1.09 1.63 1.77 0.76
575 3.08 -0.46 -2.45 -0.89 1.88 -0.81 0.7
576 -0.84 -0.96 2.45 -0.78 -0.24 -0.93 3.04
577 -1.77 -0.41 2.01 -1.9 2.06 -1.6 -2.39
578 -0.48 -0.12 2.76 2.0 2.3 1.67 1.57
579 -0.16 0.7 0.02 1.3 0.37 -0.65 -1.51
580 -1.32 -0.01 1.04 -1.19 2.48 -0.73 -0.06
581 -0.41 -0.23 -1.15 0.08 -0.84 -1.76 -1.88
582 0.45 -1.24 -0.36 -0.58 -0.29 1.17 0.67
583 1.85 0.32 -2.14 2.27 -3.08 -0.97 -0.05
584 1.55 -0.24 2.38 -1.94 2.13 0.92 0.57
585 -1.88 1.82 -2.18 -0.36 1.24 -0.0 2.09
586 -1.41 -0.05 -0.56 1.78 2.19 -1.43 2.79
587 1.72 0.17 -2.55 -0.47 1.99 1.61 3.12
588 1.62 -0.71 -1.61 0.15 0.02 -0.98 -1.68
589 -0.17 -0.88 -1.97 -0.95 -2.6 1.8 -1.88
590 0.4 1.67 -2.52 -0.64 -1.23 1.84 0.5
591 2.48 0.91 -1.09 -0.13 1.63 -1.51 -2.4
592 1.61 0.41 -2.93 -0.86 -1.53 1.88 -2.58
593 0.11 1.33 0.8 -0.87 -1.14 -0.82 -1.57
594 2.87 -0.45 -0.19 0.24 1.46 0.49 -3.11
595 0.77 -1.11 1.64 1.71 -0.87 -1.71 -1.41
596 -1.96 1.51 -1.82 -0.23 -1.58 1.7 0.25
597 2.17 -1.05 -1.24 0.39 -1.74 -1.23 -1.73
598 -3.08 -0.64 -1.45 -1.72 -1.0 -1.05 -2.1
599 1.09 -0.14 -1.34 -2.13 -0.75 1.07 0.39
600 1.37 0.46 -1.47 -0.96 1.02 -1.27 -0.06
601 -1.74 -0.77 0.5 0.02 -0.6 1.64 0.03
602 0.73 -0.03 -1.81 -0.89 0.25 0.13 -0.78
603 2.64 0.07 2.04 -1.18 -3.0 0.67 -2.39
604 1.46 0.61 -0.44 -0.69 1.36 0.81 -0.85
605 -2.61 -1.45 1.41 -2.01 2.64 0.69 1.57
606 2.59 1.21 1.72 -1.82 -1.22 -0.29 -2.92
607 -1.46 -0.72 -1.68 -0.84 1.69 -0.13 0.06
608 2.55 0.07 -2.03 0.2 -2.32 -1.17 1.86
609 -2.82 -0.59 -1.07 -2.24 -0.21 -0.42 2.56
610 -1.71 1.7 -0.6 -0.91 0.36 -1.39 1.04
611 -0.17 0.24 -2.8 1.58 1.05 1.52 -2.12
612 2.03 0.19 0.13 -1.89 1.1 0.06 1.74
613 0.69 -0.17 -2.08 -1.38 -2.12 -0.09 2.3
614 -0.64 1.55 1.46 -0.98 0.43 0.69 2.29
615 -0.98 1.53 2.8 -0.83 -0.74 -0.04 1.53
616 0.47 -1.11 2.2 1.22 2.66 1.02 2.65
617 -1.27 -0.41 -0.43 -1.86 0.78 -1.68 -0.25
618 -0.96 -0.11 -1.33 -0.72 -2.48 0.35 -3.1
619 -2.42 -1.2 -0.29 0.13 1.94 0.9 -0.69
620 -1.62 0.49 -2.85 1.86 0.05 0.53 -0.35
621 1.78 -0.56 2.94 -0.06 -1.19 1.3 2.17
622 2.57 1.8 0.55 0.84 0.74 1.49 0.9
623 0.84 0.45 -0.27 -2.36 -0.73 0.26 1.73
624 -2.28 -0.89 -1.51 1.29 -2.3 -0.66 -0.29
625 1.49 -1.8 -1.14 -2.04 1.69 -0.55 -0.18
626 0.45 -0.11 1.2 1.61 2.05 0.15 -0.97
627 -3.08 1.66 2.28 0.02 2.36 1.05 -1.66
628 2.99 -0.36 2.39 0.75 2.88 -0.44 -2.55
629 1.81 0.22 -2.0 -0.01 1.42 1.05 -0.09
630 -1.58 -1.42 2.15 1.95 -1.85 -0.32 0.45
631 -1.3 1.24 -1.6 -0.68 -1.08 0.52 0.97
632 -1.87 0.28 -2.24 -2.24 -1.81 0.42 -0.65
633 -1.74 1.64 -0.85 0.17 2.94 -0.15 2.9
634 2.8 0.85 -1.55 0.19 0.29 0.86 -1.88
635 0.53 -1.24 0.64 1.42 -1.51 0.96 -1.14
636 -2.82 0.65 0.58 -0.1 2.75 -1.63 2.25
637 2.07 -0.65 -0.38 0.45 0.14 1.09 -2.34
638 2.37 -0.0 -1.57 0.93 -3.08 -1.54 0.4
639 -1.3 0.28 -0.92 -0.78 -1.7 -0.68 2.27
640 -0.07 0.47 -1.33 -1.59 -1.51 -0.63 -2.9
641 3.12 0.11 -2.34 0.78 1.64 -1.29 0.6
642 -1.11 0.82 2.1 -0.19 -3.11 0.65 -0.97
643 -0.55 -1.51 -1.28 1.08 -1.01 -0.54 -3.02
644 -2.17 1.52 -1.22 1.2 1.59 1.57 -0.38
645 0.94 0.95 -2.5 -2.3 1.1 -1.42 -1.82
646 0.69 1.85 -0.76 -0.55 0.65 -1.84 -2.21
647 -2.02 -1.4 1.74 0.26 -2.56 -1.17 -0.75
648 2.87 -0.68 0.77 -0.54 -0.79 0.88 2.49
649 -2.98 -0.43 -2.74 1.58 -2.24 -0.25 -1.9
650 2.38 1.15 -1.92 -0.61 -2.97 0.36 2.29
651 -0.86 1.48 -1.0 2.27 -1.12 1.84 3.13
652 -1.58 1.74 -1.79 -1.91 -0.79 0.15 2.69
653 0.95 -1.35 1.76 2.24 2.2 -0.28 0.86
654 3.1 1.53 -0.78 0.4 0.41 0.42 0.49
655 2.25 0.82 -2.06 -2.29 0.43 1.62 -0.43
656 2.97 1.21 1.85 1.89 2.8 0.6 1.64
657 -0.45 -1.3 -1.12 -1.0 0.81 0.53 -1.21
658 -2.32 -0.94 1.12 -1.53 -1.28 0.09 -2.27
659 -2.51 1.44 0.59 1.91 2.06 -1.38 -1.84
660 0.22 -1.49 -1.96 -0.25 0.68 -1.1 1.06
661 2.44 -1.11 1.47 -1.82 1.11 1.14 -0.14
662 -3.09 0.11 1.66 -0.99 1.59 0.98 1.59
663 -0.11 1.14 -1.2 -1.93 1.56 1.54 -2.58
664 -1.25 1.76 0.46 1.04 -1.76 -1.07 0.16
665 -2.28 -1.83 0.14 -1.97 -1.19 -0.54 -2.06
666 2.1 1.24 2.61 -2.17 2.35 0.97 -2.24
667 1.58 0.5 0.7 -0.96 0.87 -1.73 -2.14
668 -1.15 0.67 -1.07 1.71 2.05 -1.63 1.53
669 -1.77 0.33 0.4 -1.11 -2.65 0.92 -2.22
670 2.44 -0.36 0.82 -0.31 1.54 0.33 -2.63
671 0.2 -0.17 -2.38 1.35 -0.23 -0.63 -0.51
672 1.27 1.53 1.65 -1.97 -0.53 1.05 -1.8
673 0.37 -0.6 -1.61 -0.85 0.08 0.64 -2.96
674 -3.05 -0.21 -1.68 -1.6 1.55 -1.19 -1.75
675 2.72 -1.52 2.27 0.25 1.46 -0.61 0.13
676 -1.8 -1.13 1.82 1.19 -0.58 -0.9 -1.02
677 -3.06 0.57 0.13 -1.55 -0.66 -0.49 1.3
678 -1.81 0.62 2.75 -1.92 2.01 -0.03 2.73
679 -2.92 1.0 0.44 2.19 1.0 -1.3 0.51
680 -1.07 -1.03 0.85 -0.11 2.88 1.81 0.62
681 -1.75 0.12 2.56 1.79 -0.27 1.08 0.36
682 -1.3 1.84 -0.49 1.32 2.68 0.82 3.13
683 2.28 0.38 -1.66 -0.67 -3.02 -1.85 0.47
684 2.67 -1.88 1.21 1.05 -1.42 -0.26 -0.27
685 -1.63 -0.88 2.42 1.6 2.63 -1.45 -3.08
686 2.19 1.79 -2.23 -1.16 -0.58 0.51 -1.87
687 2.39 0.9 0.93 -0.83 2.97 -1.55 0.69
688 -1.84 -0.35 -1.89 1.53 -1.94 0.58 -2.25
689 1.37 1.74 1.31 1.25 -0.43 0.27 -2.37
690 -2.21 -0.37 0.95 1.08 0.11 1.26 2.16
691 0.51 0.07 0.03 0.77 -1.49 1.26 -1.19
692 2.52 -0.34 -0.03 -1.74 1.04 0.67 2.4
693 -2.27 -0.67 0.95 -0.06 -1.12 0.19 1.74
694 2.25 0.85 0.77 -1.02 -1.17 -0.34 -2.47
695 -0.91 -1.18 -0.05 -0.32 2.34 -0.89 -0.78
696 2.85 0.18 -2.72 1.89 2.78 0.79 -1.97
697 1.61 -1.63 -2.14 1.66 -2.46 1.78 -3.03
698 -1.13 -1.3 -2.18 -2.15 -0.02 -1.45 -0.13
699 -0.96 -0.26 1.56 1.51 0.9 -0.41 2.91
700 -0.83 -1.32 -0.38 0.44 -3.03 0.41 -1.84
701 -1.75 1.4 1.61 0.78 2.93 -0.91 2.45
702 -2.88 -0.03 -0.87 0.83 -1.58 0.78 2.11
703 2.34 -1.7 0.51 1.68 1.64 -0.53 -1.15
704 1.99 0.19 0.55 0.98 -0.78 -0.02 -3.12
705 -2.91 0.48 -0.04 -0.51 -0.75 0.93 2.6
706 1.28 -0.06 1.35 1.76 1.01 -1.14 2.96
707 0.77 -0.84 -1.61 -1.02 -2.15 -0.03 -0.95
708 2.69 0.95 2.75 -0.36 -0.95 -1.65 1.21
709 -2.38 0.59 -2.21 1.93 0.36 -1.11 -1.13
710 2.57 1.25 -0.19 0.94 2.41 0.29 -1.13
711 -2.44 -0.31 2.78 0.71 1.84 0.27 2.91
712 -0.9 -0.45 2.06 2.22 -0.82 0.79 -2.26
713 0.09 -0.06 -0.26 0.14 -0.57 1.35 -1.45
714 1.4 -0.53 -1.77 -2.13 1.13 0.51 -1.18
715 -2.94 -1.28 2.79 -1.11 2.94 -0.7 0.07
716 3.0 1.74 2.09 0.23 -2.75 -0.59 -0.9
717 3.05 1.8 -0.12 -0.12 -1.29 1.42 2.64
718 -2.92 -1.85 -2.49 -1.78 -2.24 -1.67 2.03
719 2.25 -1.26 0.78 -2.14 -0.18 -1.7 0.09
720 -1.13 1.45 -2.59 1.24 -2.23 1.01 -0.68
721 1.57 -1.56 2.31 0.14 2.99 -1.18 -2.22
722 1.32 -1.48 1.67 -1.99 -2.01 0.99 -1.53
723 2.4 0.73 -2.08 0.49 2.36 -0.05 1.45
724 2.48 -1.36 -2.85 -2.24 2.29 1.64 -0.88
725 2.99 1.56 1.62 1.32 -1.58 -0.96 -2.09
726 1.39 0.89 -2.78 -0.21 -1.96 -1.65 -1.83
727 -1.9 0.37 -1.86 2.22 -1.77 -1.73 0.64
728 2.94 -1.02 2.51 1.38 -1.35 -0.64 0.03
729 2.44 0.38 -2.47 2.06 -0.73 0.97 1.5
730 -0.87 0.84 -0.61 -0.53 -1.71 -0.68 1.91
731 -0.12 -0.58 -2.8 -0.69 -1.83 0.06 -2.03
732 3.12 -0.9 -0.68 -0.01 2.96 1.73 1.24
733 3.13 -0.21 2.56 0.41 -1.36 0.05 -2.44
734 -1.53 1.04 -2.63 1.38 -3.0 1.59 -2.95
735 -1.92 0.15 1.4 1.93 -1.12 1.74 0.19
736 -0.15 0.31 2.7 1.24 -2.44 0.76 2.64
737 1.34 0.98 0.69 0.14 -1.07 1.07 0.15
738 -3.05 -0.15 2.93 -0.4 2.05 -0.37 2.84
739 1.14 0.55 0.54 -1.64 -0.72 -1.72 -0.65
740 -1.26 -0.92 -2.05 -2.19 0.48 0.58 -3.13
741 3.05 -1.16 -2.78 0.5 -2.77 1.83 2.74
742 2.87 0.87 -0.01 -0.25 -0.43 -1.25 -0.1
743 1.36 -0.68 0.04 2.25 2.03 -1.42 -0.17
744 2.3 1.29 0.77 0.92 0.18 -0.06 -1.88
745 0.93 -1.64 -0.85 -1.85 -2.15 -0.18 1.71
746 0.67 0.27 -1.84 -0.46 -2.81 0.83 -1.26
747 -2.93 1.51 -0.49 -0.18 -1.35 1.89 1.11
748 -0.73 1.6 -2.78 -0.0 -1.27 1.23 -0.87
749 1.51 0.18 -2.62 1.81 -0.66 -1.86 -1.79
750 0.52 -0.93 2.92 0.02 0.74 0.59 1.25
751 2.5 1.24 0.41 0.4 1.53 -0.24 -2.28
752 2.57 -1.69 1.84 -0.17 -2.74 0.66 1.9
753 -1.85 -0.89 1.95 -2.16 0.62 1.63 -3.04
754 -1.01 0.43 0.07 0.98 2.24 0.95 -1.35
755 2.48 -1.04 -0.62 -2.01 -2.15 1.16 1.33
756 -1.4 0.35 -0.83 -1.09 -1.36 -0.46 2.19
757 -0.12 -1.58 -2.82 0.8 1.0 -0.43 2.31
758 -1.25 1.55 0.68 1.77 0.81 -1.31 2.49
759 2.52 0.62 2.37 -1.79 2.61 -1.13 -0.78
760 3.09 0.85 -0.36 1.16 -2.26 -1.57 -0.36
761 -2.23 1.7 -0.57 -0.08 2.61 1.49 0.22
762 -3.09 1.61 -2.05 -0.54 -0.92 1.53 -2.14
763 3.12 0.6 0.64 0.32 -3.04 -1.26 2.17
764 0.08 1.43 1.47 -2.09 1.61 0.18 1.09
765 1.78 0.81 -0.36 1.93 -2.62 0.74 2.31
766 3.1 -1.33 -0.58 -0.89 -1.18 1.48 -2.7
767 -0.53 1.23 2.22 1.96 1.67 1.85 -1.43
768 -0.24 0.02 0.04 1.19 -2.61 0.52 -0.11
769 1.13 -0.29 -2.69 1.97 -2.97 1.47 2.98
770 -2.0 1.33 1.12 -2.22 -0.68 0.74 -1.2
771 0.78 0.1 1.81 1.99 -0.09 1.51 -0.83
772 1.76 -1.16 2.73 -0.58 1.66 -0.79 1.79
773 -2.46 -0.3 -1.87 0.58 -2.81 -0.34 -2.7
774 0.4 0.91 1.47 0.91 1.0 0.68 -0.25
775 1.26 1.44 0.89 0.76 -1.53 0.65 -0.65
776 -0.7 -0.92 -1.47 -1.88 -0.36 1.7 0.11
777 -0.4 1.03 -1.47 -1.84 2.53 0.26 -0.08
778 -2.46 0.79 2.04 1.5 2.77 1.8 0.78
779 -1.67 0.37 -1.35 -0.47 1.09 1.19 2.62
780 -0.81 -1.66 -2.43 1.59 -1.14 -0.37 -0.39
781 2.83 -0.78 2.5 1.9 -2.59 -0.11 2.2
782 1.49 -0.96 -1.78 -2.36 0.29 0.72 -0.63
783 -1.5 0.79 -2.89 2.19 -0.67 1.47 2.65
784 -3.02 -0.94 -1.39 -2.16 0.65 1.11 -1.4
785 1.37 -1.65 2.12 1.45 0.19 1.63 -1.11
786 -3.0 1.84 1.84 0.9 1.12 1.26 0.69
787 -2.29 -0.84 -0.62 -0.8 0.02 -1.29 -2.38
788 -1.58 -0.57 -2.12 1.68 3.0 -1.46 1.9
789 1.59 -1.04 -2.85 -1.26 -0.2 -0.25 -2.04
790 1.41 -0.17 -0.33 -1.39 3.1 -0.24 -1.76
791 -1.84 0.14 -0.57 -1.3 -2.6 0.02 -2.73
792 2.24 -0.09 1.38 1.48 -2.56 -0.15 -2.08
793 0.49 -1.23 -2.09 1.78 2.35 -0.28 2.7
794 1.2 -1.29 1.76 -1.02 0.64 -1.73 2.93
795 2.5 0.75 0.1 -1.18 -0.61 0.76 1.2
796 0.04 -1.66 -2.81 -0.38 1.08 0.52 -1.14
797 -0.07 0.91 -0.49 -1.51 2.58 0.3 1.08
798 -1.74 1.86 1.47 1.52 1.49 0.99 -0.38
799 1.57 1.65 -2.74 -2.3 2.69 -0.39 0.63
800 -2.0 0.7 1.87 1.4 -2.4 -1.38 -0.65
801 -0.11 0.38 -0.0 2.27 -0.94 -1.43 1.85
802 0.77 0.43 2.5 1.46 0.65 -1.11 2.38
803 2.67 0.41 -0.62 1.8 2.83 1.63 1.45
804 -2.89 0.04 -0.49 -1.53 3.12 1.7 1.1
805 0.59 0.94 0.95 -1.85 1.99 -0.1 -1.43
806 -0.09 1.09 0.29 0.22 -1.19 0.26 -2.49
807 -0.53 1.77 -2.22 0.6 2.55 -1.82 -3.13
808 0.89 0.46 -0.05 0.91 -1.06 0.06 1.22
809 -0.19 0.8 -2.6 0.26 0.06 1.57 -2.33
810 -1.42 -0.79 0.92 -0.01 2.19 1.65 0.38
811 -2.62 0.76 1.11 -2.02 0.15 0.46 1.64
812 -1.74 0.12 -2.31 -0.14 2.08 1.9 1.31
813 -0.31 0.71 0.37 -0.79 -0.02 -1.12 1.15
814 -1.21 -1.43 -1.43 -0.35 -2.35 -0.48 -2.41
815 1.92 -1.41 0.13 -1.49 -0.63 0.99 -2.12
816 -0.09 1.69 0.57 0.34 -2.45 0.52 -0.56
817 -2.13 -0.21 2.65 0.72 2.43 1.62 -2.6
818 -1.95 0.39 -0.42 -2.2 -1.15 1.42 1.2
819 2.56 1.5 -0.52 0.31 1.77 -1.68 0.86
820 0.29 1.5 -0.24 1.56 2.67 -0.99 -0.93
821 -2.89 -0.32 1.34 -2.06 -0.37 1.08 -0.3
822 1.56 1.03 -1.49 2.35 -1.55 0.83 -1.06
823 0.66 0.37 -0.99 -1.04 -2.22 0.51 0.35
824 1.8 -1.23 1.0 -1.95 1.7 1.19 -1.79
825 -2.57 -0.17 -2.08 -2.33 -0.75 0.01 0.17
826 -1.04 -1.52 -0.03 -1.9 -3.12 -0.97 0.37
827 -2.37 1.68 -0.48 -1.58 2.38 1.05 0.84
828 1.14 -1.07 -2.49 1.27 2.28 -0.39 -0.27
829 -1.23 -0.21 2.56 0.14 1.41 -0.01 -1.82
830 -0.14 -1.9 -1.21 -0.38 2.65 -0.54 0.96
831 -2.56 -1.77 -0.52 -2.18 -0.65 0.96 -0.37
832 1.07 -1.44 0.92 0.55 0.31 1.06 0.73
833 -1.05 1.18 -2.59 -0.53 -2.62 1.19 1.77
834 -2.93 -0.2 -0.97 1.02 -0.23 0.21 2.07
835 1.19 0.51 2.23 -2.09 -1.75 -1.0 -1.09
836 2.96 0.37 2.04 1.31 -2.67 0.36 2.41
837 2.79 -1.1 0.87 1.89 -1.62 -1.61 0.36
838 3.1 -0.61 2.85 -1.28 3.09 -0.59 0.45
839 -1.48 -0.72 2.9 -2.24 -2.4 0.42 -0.32
840 1.04 1.1 1.28 -1.18 0.42 0.11 -1.72
841 2.33 0.82 1.85 -0.98 3.04 -0.43 -2.39
842 1.75 -0.51 1.43 -1.62 1.48 1.67 -0.53
843 0.98 0.53 2.5 -1.65 2.34 1.17 -0.05
844 -1.39 1.16 -2.75 0.1 3.03 -0.44 -0.8
845 -1.8 -0.9 0.44 -0.08 3.06 0.39 -3.04
846 0.8 -1.72 2.42 1.14 -0.87 -0.54 0.69
847 2.25 1.31 -0.09 0.5 -2.39 1.1 0.62
848 2.41 -0.68 -2.24 -1.47 2.38 -1.26 0.29
849 2.79 0.98 1.56 1.87 -3.03 0.88 1.8
850 1.78 -1.36 -2.26 0.01 0.55 0.89 1.05
851 -2.39 0.64 0.34 -1.63 1.58 0.6 -0.48
852 2.39 -0.07 -1.65 0.79 -1.76 0.24 -1.34
853 -1.36 -0.48 1.31 -1.03 1.31 1.49 0.01
854 -2.2 0.69 1.05 -1.42 -3.01 0.87 1.16
855 0.7 0.87 0.86 -1.23 1.27 0.37 -0.88
856 -0.95 -0.29 1.77 -0.71 -1.78 -0.52 -0.11
857 -1.42 -1.53 -1.3 -2.18 2.15 -1.11 -2.3
858 0.94 0.07 -0.04 -0.05 1.36 -1.06 -0.37
859 -2.18 -0.15 -1.3 -1.43 -2.56 1.68 -0.29
860 2.53 0.35 1.69 2.05 -2.31 0.47 -2.88
861 -1.63 -1.39 0.55 0.18 -2.62 0.54 -0.83
862 -3.05 -0.38 2.74 0.09 -0.81 0.94 1.29
863 -1.88 -1.41 -0.11 -1.34 2.87 1.24 -2.02
864 2.89 -0.64 0.98 -0.77 1.52 -0.7 2.85
865 -2.59 1.31 -2.39 -2.07 -1.11 -1.18 1.89
866 1.93 -1.49 -2.41 -2.1 -1.67 -1.34 -1.32
867 -1.04 0.27 -2.88 -1.79 -2.96 1.0 1.8
868 2.91 -0.63 -0.9 0.74 2.66 -0.26 -1.44
869 1.86 -0.59 -0.07 1.24 -1.1 -0.86 0.3
870 0.11 -0.43 2.12 -2.08 -2.57 -1.59 -2.42
871 0.94 1.11 -1.83 1.66 -0.88 -0.66 2.97
872 -0.41 1.28 -0.41 -1.36 -0.66 -0.14 2.26
873 -2.85 1.18 1.15 1.48 2.77 0.25 2.1
874 1.37 -1.12 1.14 0.05 -2.56 -0.57 -0.51
875 2.92 -1.44 -0.5 1.57 -0.12 -1.53 2.52
876 -0.36 -0.56 -0.68 2.19 -0.2 -1.68 -1.63
877 1.7 0.82 -1.34 -1.25 2.6 -1.57 -2.77
878 2.49 -0.41 -1.49 2.04 1.27 0.48 -3.0
879 -1.8 0.98 -0.69 -0.52 0.87 -0.29 1.01
880 -1.49 -0.73 -1.93 -1.06 2.76 -0.77 2.41
881 -2.66 1.31 1.18 -0.77 -0.18 -0.71 -2.61
882 1.86 0.99 -1.48 -1.52 -1.12 -1.3 2.36
883 2.5 -0.68 0.02 0.17 2.34 -0.89 0.71
884 2.74 -0.15 1.96 -1.65 1.68 -1.23 2.51
885 1.11 -0.94 -1.56 1.69 -2.67 0.54 1.02
886 2.56 -0.01 -1.31 -0.96 0.62 1.83 0.71
887 0.53 1.47 -1.66 -1.51 0.04 -0.31 2.88
888 -1.74 1.53 -2.73 -0.63 0.99 -0.17 1.37
889 0.06 1.41 -0.64 0.4 -2.01 -0.83 2.04
890 -2.75 1.32 0.38 -2.19 2.16 -1.66 -2.99
891 -0.69 -0.09 -2.86 1.99 -2.71 -1.3 1.03
892 1.49 -0.31 -0.84 0.32 -1.54 0.52 2.52
893 2.73 0.43 0.57 -2.33 -2.57 0.35 -2.22
894 -2.4 -0.59 -1.94 -1.57 0.31 0.05 1.82
895 -0.73 0.18 -1.26 -0.31 -2.59 -1.19 2.55
896 -0.57 1.49 -0.08 -1.51 -1.56 1.55 -1.06
897 1.18 1.89 1.63 1.31 3.09 1.88 2.15
898 1.49 1.06 2.14 -0.21 -1.85 0.14 2.5
899 1.39 -0.67 2.9 -1.33 2.44 0.1 0.14
900 -2.54 0.81 1.76 -0.36 0.46 -0.04 0.0
901 2.14 0.44 -1.0 -0.34 1.48 -0.09 -0.78
902 2.8 -0.63 0.16 -0.06 2.62 -1.23 1.6
903 1.04 1.0 2.83 -0.75 -1.76 1.69 -2.35
904 -0.02 -0.69 -2.67 -1.41 0.75 1.12 0.99
905 1.19 0.89 2.81 -1.51 -1.91 -1.2 -2.48
906 -1.46 -1.41 -2.9 0.96 -1.03 0.83 -2.52
907 1.81 1.61 -0.48 0.72 -2.66 1.74 2.32
908 0.51 -0.43 0.2 -2.16 -2.49 0.33 -1.92
909 0.57 -0.4 1.06 -2.31 -1.99 -0.73 -2.72
910 -1.79 0.97 -2.08 0.05 -1.58 1.66 -2.38
911 0.6 0.52 -1.71 -0.18 0.73 -0.76 -1.39
912 -2.17 1.8 1.47 -2.22 1.78 1.85 2.12
913 -1.13 -0.22 1.34 -0.14 -2.72 0.85 -0.32
914 -1.26 0.3 -2.84 0.31 -1.79 1.89 1.79
915 -0.16 -0.49 -1.69 1.0 1.41 -1.66 2.63
916 2.2 -1.22 -0.03 -1.64 -0.24 0.57 -2.41
917 1.0 1.1 1.94 -1.92 0.88 -1.75 0.02
918 -0.79 1.54 2.0 -0.82 -1.3 -0.26 3.03
919 -1.8 0.52 2.54 1.65 -0.22 0.14 -3.06
920 0.03 0.79 -1.28 -0.79 0.39 1.06 -2.86
921 -1.91 -0.39 -1.32 1.93 -0.75 -0.61 -1.35
922 2.52 -1.72 2.79 0.94 2.28 0.43 0.18
923 -1.29 -0.99 -1.45 -0.92 -2.93 -0.48 1.12
924 -2.25 1.55 -1.98 0.08 -0.75 -0.34 0.11
925 -1.94 1.84 0.16 -1.62 1.44 -0.87 -0.11
926 0.39 0.77 -0.49 -0.21 0.68 0.39 1.56
927 3.13 0.17 1.64 2.33 0.23 -0.74 -2.52
928 2.44 1.27 1.2 -1.38 0.22 1.88 -2.46
929 0.88 -1.03 -0.4 -0.02 0.81 0.13 -1.7
930 -1.15 1.76 1.79 1.62 -1.43 -1.49 1.73
931 -1.79 -1.28 -1.83 1.88 -1.35 0.99 0.91
932 1.46 -0.61 -1.43 -1.37 2.39 0.67 -0.21
933 -0.98 0.2 0.15 -1.13 -2.51 -1.78 1.22
934 -2.7 0.33 2.05 2.03 1.36 -0.7 2.96
935 -0.48 -0.8 1.16 -1.97 -2.14 -1.87 -2.54
936 2.98 -0.49 0.15 0.03 2.36 -0.75 -0.8
937 -1.25 0.77 -1.33 0.42 -1.39 1.13 2.57
938 -1.41 -0.59 0.6 1.37 -0.61 -1.57 -1.23
939 0.91 -0.04 -1.51 -1.63 1.95 -1.36 -0.8
940 -1.69 0.85 1.82 1.33 0.71 0.06 -0.77
941 2.76 -0.0 -1.87 -1.81 -1.65 -0.87 -1.77
942 0.34 -1.54 0.08 0.97 0.2 1.39 -1.5
943 1.78 0.2 -1.25 -1.29 -2.7 0.14 1.8
944 -1.85 -0.72 2.4 0.99 1.42 -1.2 -1.23
945 0.31 -0.03 -1.11 -0.96 0.95 0.09 -0.81
946 2.27 -1.34 1.86 -1.2 -0.58 -1.24 -0.11
947 1.12 -1.8 2.43 2.18 -1.98 -0.6 0.29
948 -2.44 -1.79 2.11 -1.15 -3.03 -1.07 1.5
949 0.16 -0.06 -2.84 1.0 -2.78 0.22 2.18
950 1.4 -0.94 -0.58 0.6 1.86 -0.44 -2.87
951 2.37 -1.64 -1.74 1.03 2.73 -0.27 0.42
952 -1.35 0.83 -2.45 1.91 2.94 -1.74 1.91
953 2.56 0.06 -0.14 1.41 -0.64 0.63 -0.86
954 0.93 -0.6 2.05 1.28 -0.0 -0.13 -1.03
955 0.42 -0.78 1.3 2.3 1.63 1.53 1.06
956 -1.33 1.76 0.9 2.28 1.91 -1.69 2.7
957 -0.67 1.11 -2.18 -0.81 -1.74 -0.56 -2.81
958 -2.89 1.68 -2.79 1.11 2.93 0.78 2.47
959 2.27 -1.84 -2.07 -1.25 2.46 1.76 -2.76
960 -1.9 -0.55 -2.74 1.26 -2.46 0.22 2.05
961 -0.36 1.04 -2.26 -0.7 2.91 1.35 2.35
962 -1.66 0.58 1.58 -1.7 0.98 -0.34 0.04
963 2.69 0.25 2.73 1.46 -0.7 -1.25 1.35
964 -2.59 1.0 2.92 -0.14 -2.16 -1.21 -2.03
965 -2.47 0.23 2.37 -0.45 2.67 1.42 0.16
966 -1.58 -1.47 1.78 0.08 1.34 -0.16 1.89
967 2.31 -0.05 -0.05 0.22 2.43 -1.38 -1.26
968 2.86 -0.14 -2.43 -2.07 -0.72 0.35 -0.88
969 0.02 1.63 1.87 1.41 -0.78 0.14 -2.93
970 -2.75 -0.53 1.03 0.94 -0.21 0.74 2.1
971 1.86 0.66 -0.48 -1.15 -1.92 -0.05 0.36
972 2.04 -1.58 -2.9 0.13 1.2 -1.32 2.69
973 -2.72 -1.55 0.23 1.38 0.46 0.67 -0.72
974 2.02 -1.27 -0.55 -0.89 -2.01 -1.17 1.8
975 1.17 -0.44 2.82 0.27 0.15 1.01 -0.96
976 -1.35 1.68 -0.76 2.24 0.8 -1.7 -1.99
977 -2.06 -0.11 0.07 1.82 2.02 -0.53 -2.53
978 1.69 1.64 2.31 2.24 1.16 0.02 2.62
979 2.39 -1.1 -2.31 0.25 3.07 -1.37 0.36
980 1.73 1.61 2.04 -1.47 -1.83 -1.64 1.19
981 0.54 1.04 -2.64 -1.08 -1.06 0.87 -1.58
982 2.96 -0.41 -1.72 -0.12 2.03 1.74 -1.84
983 2.24 0.43 -2.5 0.73 -1.61 -0.57 -2.62
984 -0.35 1.14 0.01 0.97 -0.12 -0.7 -1.56
985 -0.26 -0.85 1.65 0.51 0.79 1.45 -2.46
986 -1.85 -0.27 -1.14 2.08 1.39 -0.1 2.96
987 -0.96 0.82 2.95 0.78 -0.61 -1.0 -1.02
988 1.23 -1.19 -2.8 -2.23 1.75 1.76 -2.96
989 -2.43 1.16 1.3 0.6 -1.69 1.85 1.54
990 -0.53 -0.02 0.45 -1.77 1.1 -1.51 1.91
991 1.82 1.24 -2.73 -0.36 -0.77 -0.84 -2.6
992 1.66 0.74 -2.06 1.87 -0.53 0.63 -0.98
993 -0.61 -1.79 -2.82 -0.13 0.26 1.31 1.47
994 1.88 -0.76 -0.47 -0.03 -1.25 1.08 1.19
995 -0.68 -1.27 -1.61 -0.91 0.59 1.75 -0.55
996 2.41 -0.1 -2.29 1.8 1.04 0.02 1.31
997 -1.1 1.34 -0.11 2.14 1.1 1.29 1.49
998 1.97 -0.69 -2.68 0.13 -2.64 -0.31 -0.7
999 -1.52 -0.97 2.62 -1.18 -2.57 -0.64 1.72
