2000 0.0 0.0 0.0 0.0 0.0 0.0 0.0 
2001 1.76214589509 1.0546515306 -0.669936372845 -1.47936970883 -1.42534283318 1.51268419702 0.604176509186 
2000 139 1.4168
2000 451 1.5403
2000 1859 1.5998
2000 333 1.6326
2000 124 1.7043
2000 1607 1.7796
2000 1724 1.7908
2000 1253 1.7994
2000 1177 1.8184
2000 668 1.8637
2000 1307 1.9128
2000 1501 1.9245
2000 1938 1.9611
2000 1080 2.0584
2000 781 2.0744
2000 1391 2.0938
2000 1346 2.1295
2000 620 2.1446
2000 760 2.1503
2000 1604 2.1883
2000 140 2.1934
2000 870 2.2002
2000 1614 2.2002
2000 727 2.2072
2000 824 2.2184
2000 1291 2.2716
2000 938 2.2763
2000 1989 2.2848
2000 961 2.2868
2000 817 2.2956
2000 1075 2.3017
2000 676 2.3169
2000 1832 2.3267
2000 382 2.3496
2000 164 2.3502
2000 1552 2.3655
2000 468 2.3834
2000 735 2.3974
2000 353 2.3986
2000 581 2.4101
2000 1529 2.4123
2000 1790 2.4173
2000 1610 2.4264
2000 1316 2.4370
2000 1830 2.4533
2000 719 2.4566
2000 1725 2.4607
2000 1191 2.4615
2000 498 2.4647
2000 505 2.4697
2000 907 2.4886
2000 1966 2.4897
2000 52 2.4923
2000 1807 2.4931
2000 1885 2.4963
2000 1755 2.5146
2000 863 2.5198
2000 1942 2.5237
2000 151 2.5280
2001 1498 1.4376
2001 291 1.6546
2001 617 1.8737
2001 851 2.0103
2001 959 2.0123
2001 1137 2.0316
2001 1092 2.0456
2001 1916 2.0978
2001 88 2.1599
2001 1551 2.1751
2001 1330 2.2473
2001 1003 2.3258
2001 303 2.3359
2001 1193 2.4047
2001 1170 2.4610
2001 20 2.4755
2001 172 2.4774
2001 1697 2.5054
2001 1108 2.5340
2001 721 2.5382
2001 1289 2.5681
2001 771 2.6049
2001 696 2.6177
2001 1869 2.6216
2001 1483 2.6430
2001 34 2.6435
2001 394 2.6628
2001 687 2.6648
2001 59 2.7022
2001 1076 2.7630
2001 1950 2.7893
2001 1546 2.7895
2001 1438 2.8087
2001 620 2.8186
2001 981 2.8440
2001 1541 2.8448
2001 1004 2.8530
2001 1610 2.8612
2001 1400 2.8718
2001 1436 2.8722
2001 69 2.8819
2001 976 2.8854
2001 1047 2.9135
2001 1892 2.9498
2001 80 2.9550
2001 1312 2.9552
2001 691 2.9705
2001 1072 2.9731
2001 1938 2.9740
2001 390 2.9956
2001 494 3.0040
2001 72 3.0089
2001 1346 3.0090
2001 176 3.0231
2001 1904 3.0234
2001 41 3.0284
2001 828 3.0332
2001 1182 3.0446
2001 105 3.0508
