2000 0.0928780311446 1.03458927413 1.27633092534 -0.307109658926 -2.01582531073 1.99357244189 -0.405854938755 
2001 -0.481408987798 1.62143766305 0.604621945208 -0.763137000136 -0.797945017446 -1.54300188908 0.662878508282 
2000 455 1.6063
2000 349 1.9656
2000 1719 1.9756
2000 1362 1.9984
2000 1767 2.0600
2000 832 2.3453
2000 1134 2.3536
2000 1609 2.3544
2000 1900 2.3663
2000 1023 2.4063
2000 370 2.4116
2000 1408 2.4169
2000 1564 2.4320
2000 1180 2.4462
2000 1666 2.4794
2000 516 2.4972
2000 1849 2.4998
2000 1614 2.5157
2000 1270 2.5185
2000 63 2.5348
2000 1756 2.5350
2000 1062 2.5890
2000 1325 2.6004
2000 1714 2.6019
2000 1248 2.6054
2000 49 2.6227
2000 1829 2.6426
2000 9 2.6723
2000 105 2.6841
2000 1382 2.6921
2000 836 2.7120
2000 738 2.7575
2000 1794 2.7657
2000 399 2.7784
2000 177 2.7909
2000 657 2.8018
2000 1385 2.8032
2000 761 2.8328
2000 1458 2.8612
2000 1185 2.8761
2000 504 2.8857
2000 127 2.8867
2000 512 2.8946
2000 277 2.9066
2000 241 2.9196
2000 1370 2.9290
2000 748 2.9402
2000 944 2.9476
2000 790 2.9624
2000 1165 2.9672
2000 312 3.0035
2000 877 3.0176
2000 1903 3.0185
2000 1884 3.0269
2000 1620 3.0300
2000 595 3.0317
2000 679 3.0395
2000 1008 3.0452
2000 1486 3.0485
2001 1946 2.1914
2001 1065 2.2249
2001 1951 2.3204
2001 1600 2.4140
2001 241 2.4159
2001 1085 2.5675
2001 1516 2.5826
2001 1194 2.6067
2001 1679 2.6374
2001 1571 2.6779
2001 264 2.6804
2001 693 2.6835
2001 1666 2.6852
2001 876 2.7173
2001 2 2.7236
2001 51 2.8126
2001 790 2.8191
2001 1331 2.8237
2001 1767 2.9063
2001 1270 2.9076
2001 750 2.9238
2001 580 2.9271
2001 877 2.9272
2001 423 2.9314
2001 548 2.9371
2001 1990 2.9489
2001 384 2.9558
2001 93 2.9750
2001 246 2.9969
2001 1942 2.9985
2001 1658 2.9993
2001 1451 3.0000
2001 1706 3.0312
2001 193 3.0342
2001 623 3.0515
2001 308 3.0558
2001 953 3.0611
2001 49 3.0722
2001 88 3.1032
2001 1776 3.1071
2001 1283 3.1156
2001 748 3.1549
2001 1700 3.1635
2001 1096 3.1754
2001 955 3.1866
2001 585 3.1970
2001 738 3.1974
2001 1727 3.2013
2001 1562 3.2157
2001 541 3.2192
2001 1761 3.2378
2001 1244 3.2397
2001 1448 3.2600
2001 1328 3.2754
2001 472 3.2796
2001 1023 3.2842
2001 832 3.2846
2001 71 3.2854
2001 1989 3.2914
